node	degree
0	6
694	10
786	8
1875	4
5795	8
5860	2
5983	1
2013	10
4477	10
977	10
1047	10
3269	6
4135	7
5008	8
1757	10
2324	7
2705	8
4385	7
4793	8
5776	7
1	3
5558	10
5568	10
3635	9
3855	9
4510	5
5366	5
5471	10
994	3
2354	7
3800	5
2	4
2001	9
3816	7
5682	4
2069	7
3791	9
358	8
907	10
1064	6
1308	6
4712	10
5361	5
5634	8
5773	10
1098	6
2335	5
3875	8
5232	5
3	1
4761	4
5998	8
4	1
159	2
715	8
5306	7
5624	8
5	5
1268	9
3173	5
5496	10
101	9
666	5
736	10
2025	3
2364	6
787	5
4781	5
686	8
3911	4
38	4
284	1
997	3
1519	9
2043	7
2821	6
2886	3
6	9
823	9
1172	5
3773	8
2648	5
3334	9
5460	7
438	8
733	2
1170	8
1228	10
1890	6
4706	5
4746	4
5153	6
1388	8
3224	7
5209	10
5316	8
5779	3
443	8
1352	10
3020	5
3122	7
102	7
178	6
662	5
3528	10
2072	3
3084	2
7	9
4371	2
388	7
614	10
5157	9
21	9
2374	2
4077	8
241	3
4614	7
1973	10
2165	8
1244	4
1984	9
2710	7
4939	9
5010	8
967	7
1485	4
1831	5
3319	8
4612	7
4972	4
82	6
993	7
4150	5
8	10
4663	3
493	8
1056	7
1208	9
2574	6
5946	6
568	9
972	7
2353	9
2764	10
234	2
327	7
4666	8
5960	8
5979	8
3003	10
5723	5
34	7
314	5
1553	9
3833	8
5970	4
273	7
982	7
1969	10
3337	4
3828	3
872	8
1004	10
2999	6
5584	8
1910	10
3666	10
4327	5
1122	6
2830	6
9	4
4194	3
503	8
1115	2
1908	5
2563	10
3413	9
992	7
5456	9
2108	4
10	3
2136	9
2947	1
4084	8
5404	4
2688	10
3688	8
3869	7
4842	8
4926	9
542	4
598	7
886	6
1445	2
4954	8
5169	8
5256	7
5969	2
11	8
649	4
826	7
4564	10
2873	8
5872	5
5596	6
602	8
2148	10
2384	4
3145	5
5107	10
5603	3
394	8
4261	9
5664	4
5926	4
2485	7
2720	4
564	5
781	7
1158	10
3304	5
4271	10
4632	5
5326	8
12	9
1450	7
3425	10
5156	5
5572	3
164	9
1310	10
2613	7
2840	8
461	8
1939	9
3039	9
5356	9
1836	10
3557	4
5360	8
3011	6
3949	9
5700	9
2894	6
2942	10
1132	6
4415	7
1962	9
2182	8
4082	6
4928	3
5621	2
13	5
4104	9
5320	10
943	6
3526	10
5943	10
2567	8
4569	8
1440	10
3690	6
947	9
3759	7
5425	10
14	9
661	9
5388	10
5637	7
1904	7
2827	8
5691	10
98	8
2875	8
3863	8
5502	10
2713	9
5947	7
1782	6
4165	10
4927	9
302	10
1251	9
1744	10
2234	10
4495	1
5400	9
2156	8
3852	6
15	8
638	10
3109	3
3954	10
5696	8
1066	8
1136	8
920	5
1125	8
4540	10
4551	3
1982	8
4200	9
5574	7
801	8
2791	3
3059	9
3339	2
4158	3
5607	7
5791	8
1217	7
798	10
4298	10
1455	8
2270	9
4156	4
16	9
1845	6
2529	9
2671	7
3753	8
2878	7
3772	6
4822	6
5559	6
591	8
605	9
906	9
2035	10
3851	8
4009	1
585	8
2017	9
3281	9
4004	8
410	9
1592	10
3138	2
3514	6
930	7
974	7
1232	9
4967	4
3065	2
4166	5
5160	9
5284	10
525	9
1617	7
3355	10
1989	6
3207	6
5788	10
17	5
1399	10
1543	5
1746	9
4754	8
270	2
1204	3
1219	9
5877	9
1033	10
1321	8
2406	4
3478	9
2733	9
2887	8
3529	8
2647	10
3442	4
4483	4
5576	9
18	9
2068	6
3817	10
5005	8
5019	9
5217	7
287	10
2015	10
4685	3
5873	7
1595	3
3420	6
3935	8
4081	10
5537	4
5672	9
1206	8
1817	6
2805	9
2991	8
3868	6
27	9
133	10
4092	5
879	7
2292	6
3858	7
4693	5
4866	9
5665	7
482	1
2230	9
4830	9
511	10
19	4
526	4
3644	10
4500	8
149	2
643	2
3426	9
3978	7
573	9
1035	7
4634	3
509	9
1650	6
4075	4
5741	7
20	4
229	10
2196	10
3043	9
3783	10
5323	5
1179	7
1634	5
1735	10
4224	10
5031	6
545	5
576	2
1906	8
3669	5
1481	4
3723	7
5886	6
401	8
1502	8
2911	7
3104	10
3440	7
3930	8
1055	5
1166	4
2204	8
2629	2
2634	4
2672	6
2978	10
3112	4
3762	9
3998	8
5731	6
1721	4
1754	9
4941	4
2117	8
5213	5
3864	10
4533	10
4933	4
570	10
1683	10
3021	1
5200	8
665	3
885	5
4659	10
22	10
1809	10
2646	10
3242	10
3961	5
953	7
140	10
2679	8
647	10
2944	10
3519	10
1335	8
3720	7
1048	10
4902	9
3780	6
1015	3
5649	9
2462	7
3670	3
3883	10
3942	9
4282	7
4372	6
23	9
4287	9
1513	9
3615	7
2852	2
3554	8
3680	3
4089	7
4226	3
4487	8
3336	3
4492	10
4763	9
4771	9
5982	4
634	7
3277	6
4728	5
1264	4
2579	5
5762	10
24	7
725	8
2797	3
4758	8
4813	2
518	9
3149	3
3449	5
4748	8
5640	9
142	9
2491	6
2609	7
3779	4
5830	3
1913	6
2696	4
3291	4
4454	10
1376	6
3489	3
5281	1
3455	7
297	5
1695	10
2343	4
2417	2
3394	9
25	10
469	10
3997	7
4901	3
332	4
1278	8
2534	7
4407	5
5542	9
639	9
648	8
652	2
5343	7
5362	10
5699	10
5469	10
5614	9
3768	10
4698	3
5742	9
829	7
1286	7
3919	10
4321	3
516	7
2546	9
5173	9
328	6
463	7
990	10
4144	9
4986	4
5578	10
5748	9
832	10
2440	7
5675	10
329	7
26	10
1339	9
4691	6
1661	8
2379	10
3217	7
3731	8
230	5
1903	9
4132	6
5053	9
5745	8
5923	9
3283	9
4362	10
349	2
2540	10
800	4
1214	3
2927	8
3619	9
4896	7
2272	3
4054	6
4449	10
2845	10
4045	10
1324	6
2761	4
3041	6
5450	10
186	10
3789	8
4493	6
1435	9
1788	5
2512	10
1045	5
4228	10
1967	6
2516	6
3776	8
4702	10
1974	10
3357	10
3674	3
4349	7
3597	4
3717	4
28	1
2616	5
5216	8
29	6
2836	3
5793	9
887	8
2227	4
3724	8
313	4
1960	9
2851	10
5686	9
1034	7
5538	9
1073	6
1747	5
4384	6
30	7
285	10
3576	5
3645	5
381	10
2008	9
4420	8
5303	7
734	3
3764	9
1291	9
2564	10
2757	1
4437	7
5060	8
114	5
5166	8
206	1
213	5
1091	8
1345	4
1899	2
3101	5
31	2
3168	5
3468	8
310	9
456	10
1675	3
2444	5
2459	10
3170	3
3594	9
32	9
5716	10
5722	7
399	3
1023	1
2366	10
2966	8
4290	8
5204	2
5737	4
663	9
4886	9
5937	7
987	9
2012	10
2331	6
3511	7
4688	10
3882	10
738	5
1448	3
3201	7
5128	4
5355	5
157	9
2125	5
2610	3
2663	8
5885	6
33	2
551	5
2640	3
4097	7
4790	7
5152	10
4068	9
3228	7
211	8
2857	9
5493	4
434	8
4468	5
4922	2
247	2
631	2
1765	1
5040	8
35	2
702	5
883	9
1844	8
2228	8
3361	2
36	10
3533	10
5329	2
4796	5
5210	10
3099	3
3786	5
2327	10
4005	7
5084	1
5708	6
2455	9
2514	8
4393	6
4664	10
143	5
3739	7
3886	8
4444	3
2213	9
4204	9
5358	10
5006	10
5226	7
5941	10
1478	9
1645	6
2367	10
3194	10
3280	4
5866	9
3160	10
37	1
227	10
485	8
1491	2
2701	5
185	7
439	8
869	9
1897	7
4807	10
39	5
41	9
768	6
5652	4
1120	8
1238	1
1674	9
4880	4
5235	2
5543	4
173	6
395	5
4733	9
4827	10
5654	9
935	9
2433	6
40	4
168	4
3575	3
3646	3
1044	5
2735	7
4001	8
4305	9
1188	6
3368	7
5732	3
1547	8
1762	8
3186	6
3221	9
3633	3
5668	4
224	9
2022	7
2916	10
4641	7
4795	8
2078	6
3850	8
4087	10
1183	4
2281	7
2363	8
915	10
3220	7
3987	10
5498	9
4608	9
42	1
3777	7
4388	8
43	5
1589	8
2777	8
5749	6
5803	7
4968	9
5114	2
5815	6
1783	4
3546	9
3909	3
3150	10
4079	10
5104	2
5331	9
910	10
1531	9
1992	10
2976	7
3265	7
44	3
1392	8
2420	7
5817	6
1948	1
3763	10
4096	6
5862	10
963	9
1338	6
45	3
293	8
486	2
1923	9
4863	6
5002	9
5451	1
1941	10
3392	10
5910	3
1727	10
2706	9
3119	10
3345	10
46	7
2855	9
3714	1
4206	8
692	2
1077	5
2190	5
2521	8
3681	10
3819	5
4532	7
5250	4
5768	10
854	8
2003	9
2600	7
3744	4
4597	8
5056	6
859	8
4147	5
47	2
2273	8
2333	2
1180	8
1975	8
1998	8
48	10
513	7
1562	3
2348	6
3502	6
3898	10
210	10
4267	10
1301	4
1857	4
475	10
1002	9
2809	4
3347	10
4099	2
1541	10
116	8
1893	9
3687	8
793	7
1401	4
3268	7
3638	3
2161	9
5324	3
3322	5
445	9
1117	10
49	6
817	10
1328	3
1884	10
3960	4
5738	10
4330	8
5992	8
4085	8
4760	10
1216	5
2088	5
5681	8
209	4
1516	3
4598	4
4994	10
5849	5
50	4
3296	9
5243	7
5669	5
561	2
1193	9
1509	9
1863	1
3371	10
3580	8
51	1
3737	10
5907	7
52	7
2268	3
2389	3
2390	7
2481	9
1780	9
3299	9
4108	4
4399	3
4412	5
5344	1
2303	2
2508	5
3300	6
4233	2
5577	7
5589	9
1081	10
2197	9
3235	9
5132	7
5851	5
2360	10
3383	9
4591	5
53	7
5097	9
2240	5
2316	5
4142	8
5562	6
955	9
2819	3
3389	10
3867	10
626	7
1384	6
2116	8
223	10
2813	6
3606	7
3968	4
333	4
2294	6
2715	5
4281	4
1833	3
2949	9
3263	5
4740	3
54	1
2042	9
4178	7
5592	10
5746	3
5818	3
55	6
592	4
1686	1
2086	10
5540	10
4065	5
1397	7
2880	5
3803	8
3917	9
2299	10
2365	10
4595	9
5522	5
56	5
870	5
3379	7
3582	4
5648	3
2859	5
4066	5
4251	9
4586	6
2318	8
3678	1
2641	3
2687	9
57	4
85	5
718	9
2722	6
1026	10
3306	9
4457	5
2039	8
2387	5
3708	9
4350	6
5638	7
68	8
2552	4
58	8
307	6
4547	4
5826	9
2244	4
3797	7
1736	3
2904	3
3382	9
5953	6
924	9
1097	10
2901	9
344	8
704	10
2162	6
4063	6
4289	4
4394	8
5345	5
5389	10
1340	5
4456	6
5612	10
1631	3
1671	4
2214	7
59	9
610	2
716	8
2503	6
3327	7
4313	4
540	10
3765	4
4176	2
5082	10
2045	4
2981	6
5842	9
1482	10
4145	9
3460	7
4497	7
5112	1
5436	10
2795	8
3692	7
3733	1
625	8
690	7
3423	4
4016	7
5623	3
5725	7
3288	10
60	8
3385	7
3415	6
3231	7
1647	7
2680	10
3947	9
4596	6
4860	5
4955	6
5197	6
1978	9
4527	5
524	8
732	3
2338	7
950	9
1508	6
5813	4
61	7
1164	4
2862	5
4713	9
5995	9
1079	8
1334	8
1687	10
2782	6
3849	6
5215	6
560	9
1366	7
3325	8
4073	10
3396	6
62	3
4276	6
1400	10
3308	2
4488	7
63	10
1187	8
4507	8
5790	5
4935	8
1005	9
238	5
1425	5
2984	8
3014	10
2322	4
3438	6
1709	6
2170	2
2742	5
3453	1
4042	8
5764	10
500	10
2183	10
2698	8
4211	5
4719	4
4759	6
1651	5
558	6
1924	10
5091	3
64	2
577	7
609	6
65	10
2060	6
2841	10
3988	6
449	2
3034	9
3360	6
4764	10
1076	10
1799	10
3938	2
5171	6
5332	5
892	10
958	9
2140	6
616	8
4881	9
5426	4
2155	10
1689	7
3301	9
5683	5
2899	6
5434	7
1554	6
4273	3
66	5
1500	7
2838	3
4913	5
305	6
1940	10
74	9
163	3
1752	9
3009	4
4718	9
4823	10
5627	3
67	2
2090	4
2868	8
4133	3
740	8
398	2
1696	8
2929	6
4101	3
4155	2
1242	2
2386	9
4836	10
5295	4
1451	7
5182	6
1062	6
4676	10
111	10
450	6
4717	3
5296	7
69	8
4680	1
5237	10
311	10
1443	2
4139	10
4343	8
5149	9
3049	10
1666	8
2494	7
4446	6
2346	9
3315	6
5327	7
3631	6
2789	9
3585	8
5035	9
3897	4
4129	8
5142	5
5674	1
5828	8
70	2
92	7
1336	10
1607	3
2212	5
3941	10
4575	4
4930	7
4867	3
71	3
926	10
938	7
1818	7
4421	7
4552	5
5369	4
5424	8
4515	10
4868	8
72	4
3148	6
5325	5
5961	7
636	1
5445	4
1638	7
1722	9
5930	1
73	3
122	6
243	9
1022	7
1851	7
2233	8
3106	5
5871	6
1061	10
1618	5
3861	8
603	9
3735	10
5392	10
828	10
2964	10
409	5
2775	6
3285	8
5905	8
5950	9
2988	6
3811	8
4418	1
5595	7
5625	9
890	5
3387	8
4743	10
5544	9
5994	6
75	9
597	6
1184	1
676	3
1761	10
5964	7
2081	5
563	7
1153	8
1361	3
2301	5
4090	10
785	2
2602	8
483	6
1226	9
2972	9
1528	2
1768	7
2708	10
2824	10
1222	8
5147	7
681	6
1556	9
4336	5
76	9
3464	8
4240	6
1142	6
2718	7
3553	7
362	9
973	9
476	5
2513	3
3757	3
5549	10
707	8
80	6
174	8
393	1
2517	2
3298	6
2082	9
4072	10
335	4
5582	8
77	6
590	5
2773	5
255	10
1297	9
3403	4
4046	2
2280	9
78	9
1205	8
3128	9
4503	7
4675	3
5099	10
382	8
739	8
1931	7
3654	3
4531	8
342	7
1320	9
2871	9
2906	6
5188	3
1343	4
2428	3
3202	8
1422	6
79	8
4441	4
4494	9
5869	2
1294	10
2763	3
3499	9
4628	3
2611	8
2829	7
3261	9
4615	7
4136	7
5651	7
4036	6
5336	10
1633	7
4380	7
5309	9
1919	7
4157	9
5781	6
2571	3
4318	8
4292	9
5240	10
1715	10
2826	2
5338	5
5883	4
81	5
3841	10
4787	10
5062	10
680	10
1346	6
1499	8
1583	7
2130	4
154	8
2476	7
4878	7
754	9
2194	6
782	4
2334	8
4973	1
350	9
1664	9
4461	10
5591	7
867	6
1148	7
1284	9
1563	10
2010	5
1604	4
2018	6
2328	10
812	8
1953	2
2341	10
3640	5
83	4
1039	9
5823	3
161	6
604	8
3741	8
3959	4
84	10
683	4
986	5
4340	9
810	9
1103	3
2403	7
3905	4
2721	5
1630	7
2187	3
2723	10
3329	9
4119	9
279	2
2815	2
1832	9
5443	10
4683	3
3544	7
581	9
2936	9
4151	9
4920	5
5395	5
5933	9
579	6
4429	5
4779	9
4832	1
245	1
2765	5
3407	9
4982	6
1354	9
2484	1
5545	9
86	3
1515	8
4600	2
4806	1
839	7
4346	9
1186	6
2319	8
3569	4
4921	8
5178	8
5396	9
87	5
1027	5
3829	8
5915	2
4392	5
4398	8
4725	9
88	2
637	9
1488	6
2253	5
5561	7
5571	5
5903	9
1653	6
89	1
90	2
1957	10
2644	8
3069	4
4520	8
5565	7
91	5
404	10
3927	5
4027	3
5187	8
455	10
2247	3
5285	6
1966	9
2604	10
2982	9
5095	8
778	6
1360	7
1867	7
2471	10
2570	8
5279	4
2021	7
4169	2
1133	3
4433	10
1670	8
1849	8
4844	8
5454	5
3028	7
5452	10
2870	10
4929	6
93	10
861	2
2451	5
3278	8
3955	2
5527	6
5015	7
1317	9
422	3
464	7
2215	5
3332	10
5427	9
2753	9
4455	6
4969	7
1922	3
3996	6
4060	6
5959	7
4699	5
4804	10
202	10
1615	4
3434	5
4721	10
105	1
1787	8
1926	9
3087	2
3809	6
94	10
678	3
4035	3
5021	6
5477	5
1253	6
5310	8
1487	8
5997	1
1575	9
4159	3
2468	5
3459	9
5643	4
5945	4
4216	9
4694	8
719	9
830	7
2951	2
4422	5
3716	10
95	4
762	6
1190	10
2974	4
3903	5
1985	5
2747	7
3237	7
1711	10
2073	10
2186	6
3158	9
96	9
1085	10
4651	10
632	4
729	4
921	9
3402	8
2975	9
763	7
940	8
1469	8
5266	10
3766	5
1167	5
3649	9
4062	2
97	4
1937	6
4404	10
1524	8
3095	7
3374	9
4990	7
1274	10
1616	2
1805	10
3691	8
5971	8
257	8
472	9
700	10
2709	10
4056	6
277	5
3302	5
5144	8
1139	7
1182	7
2745	10
99	7
988	3
4050	8
4529	5
5231	2
1408	6
4041	3
4196	9
4368	7
4808	6
5553	9
2676	8
3593	7
5685	10
2077	7
3417	6
5836	10
1052	10
5283	2
5315	9
100	10
2682	7
5206	9
667	8
1418	2
3524	9
942	7
2867	9
3222	2
4643	7
4778	6
5394	7
2588	3
1464	8
856	1
3297	6
4445	6
4814	5
112	8
1431	6
5758	6
821	8
1121	8
4279	8
4023	8
1075	2
3699	4
3538	9
3665	4
711	5
865	8
2941	2
3951	7
4222	7
4606	6
4826	5
4231	6
2239	8
3155	7
4554	10
1099	10
2286	5
4784	10
103	10
2658	9
5989	10
789	6
4284	8
4430	4
5115	9
5410	9
612	8
2656	6
5286	3
5736	6
121	3
194	9
698	6
1110	9
1605	7
4140	7
4798	9
261	7
1587	5
3344	6
3419	2
4328	7
104	9
3055	7
2945	3
3058	7
3223	1
3350	9
5321	9
2832	6
3622	4
3686	5
1382	9
5319	6
4577	10
5016	8
3587	6
843	8
3608	7
3948	6
233	3
5418	5
5965	2
106	4
5125	10
2079	9
3457	3
5687	7
5127	8
2877	7
107	1
3229	6
3747	10
4223	6
108	1
369	8
5864	8
109	6
4772	4
5528	10
465	9
3660	7
3799	5
5747	4
2048	2
2128	9
3999	5
221	7
2510	9
2834	2
3658	10
110	10
2029	7
2447	8
3627	10
4618	4
3616	9
710	7
4248	7
5137	6
5807	7
4607	7
699	9
1426	8
4122	6
259	8
276	9
2027	10
757	7
2076	9
5506	9
1370	10
3958	10
948	1
5770	5
3836	5
769	9
5214	2
5564	7
1009	9
673	7
1329	7
3639	8
5076	8
5161	3
5439	6
3697	7
578	2
1814	4
1858	8
2548	9
3037	3
3707	7
5066	3
1813	7
2652	6
3500	5
4017	4
1698	7
1891	6
5044	2
5733	8
113	6
709	8
5920	7
696	8
1311	2
1057	7
2839	10
2844	5
3233	6
4884	2
5350	10
4244	4
755	4
3052	6
4439	7
697	5
1800	6
2445	6
4916	7
1750	9
2336	4
1972	9
2642	6
5463	6
115	3
985	8
3373	4
3603	6
4359	8
2712	10
3972	6
4696	9
231	3
656	6
2606	6
4519	9
4070	6
5254	6
5442	3
2332	2
3083	7
220	7
635	10
1753	2
5684	10
2325	7
3856	7
1548	6
117	5
807	9
2380	7
5689	3
1946	3
2004	6
2453	8
3624	10
4190	3
4783	3
4537	5
4635	8
4845	10
1119	5
1986	5
118	2
520	6
4026	10
119	7
2532	1
4817	10
2202	10
4720	8
5145	7
218	8
5267	2
4192	6
120	8
1751	7
4335	8
429	3
5272	7
5448	1
2065	2
2578	10
3331	10
4602	9
1282	8
1641	6
4499	7
5257	7
1529	3
3667	3
216	6
1105	7
1129	9
1737	4
2806	7
3728	6
868	7
1130	6
1834	8
2456	5
280	10
2315	7
2470	5
2537	2
1050	5
1861	4
2033	9
4080	3
5179	6
123	10
3804	7
5103	8
3483	4
4285	8
5525	8
3015	5
1879	7
4708	8
1590	8
3264	10
4791	10
4882	8
962	1
1315	7
2184	10
2790	10
4235	6
5140	4
1637	10
4850	6
1252	2
1511	10
2770	4
4506	10
5274	10
306	9
144	8
1016	6
1655	10
4855	5
124	2
400	8
1279	10
2843	2
3862	9
4243	5
5987	9
125	7
1165	10
2096	1
679	7
3172	7
1114	10
2179	3
2694	3
3088	6
1071	4
4067	3
5293	9
1892	7
3405	4
5054	7
650	9
1018	9
2132	6
5067	3
5304	1
126	7
2683	2
4397	10
5111	9
2188	3
723	9
2556	5
2660	9
5904	8
2872	9
3250	10
2618	9
3827	7
127	1
3369	9
128	10
3995	6
5848	9
3812	9
2465	10
1144	8
2500	4
3509	5
4152	9
5055	9
5165	10
484	10
531	9
2056	4
129	4
617	7
3195	6
4303	8
3341	3
130	2
4782	9
5690	10
1907	7
2070	3
4230	7
131	9
477	5
919	6
1387	9
1778	5
1980	5
3050	4
4538	8
2635	8
4121	4
4924	9
4919	10
5993	6
1506	9
2557	9
1492	10
1545	8
2371	3
3664	6
2678	4
132	7
4573	6
4995	10
3932	3
2300	10
4958	5
5735	9
831	7
1108	5
5868	8
2800	6
5659	10
387	9
750	5
3067	8
3926	7
5057	3
4117	9
640	8
3551	4
3701	7
5318	6
2321	6
4768	8
4895	7
5898	8
134	3
4900	7
5289	10
1107	4
5599	1
135	6
2436	8
996	6
1154	7
267	10
838	9
1051	7
3282	2
3921	10
5811	10
844	6
1585	6
5168	9
5470	3
4039	9
136	6
423	4
1365	8
1505	8
3488	10
3311	7
4311	6
4903	8
5718	4
3939	2
4028	1
5444	9
2323	7
2134	5
5167	9
3508	10
3792	10
137	7
4524	7
5940	5
5978	3
215	9
3950	4
3655	10
5373	4
5679	5
4511	8
4951	4
5377	4
138	2
508	10
3089	9
3414	6
3842	9
4032	4
139	10
774	4
177	10
411	9
1598	4
372	8
5698	4
1559	7
3354	7
4209	6
3966	9
1900	8
3439	8
3531	4
5695	6
1882	3
4966	7
1168	10
3157	4
4242	8
5626	7
371	6
536	7
4440	5
5519	10
162	7
2358	3
1406	4
584	9
1542	2
3133	9
3471	10
141	3
620	3
3183	8
4120	1
1141	3
928	2
1063	9
4170	8
991	9
1582	3
2959	10
1377	7
3191	4
3572	8
3410	9
4268	8
2538	10
2952	6
4370	7
4821	3
1347	7
2631	9
2662	10
1466	1
3433	4
5761	9
805	6
3738	8
895	5
3056	5
3127	9
3732	3
1162	3
2246	7
145	7
1283	5
4413	7
3463	7
1612	9
5455	10
4484	6
5780	10
2064	4
5670	7
430	5
1723	4
3255	6
2711	9
3610	7
146	1
797	4
5249	4
5863	9
147	8
3743	9
4658	9
5227	4
569	10
1350	5
1420	9
2051	10
2630	7
5892	9
498	3
2903	6
148	1
3031	9
150	7
4183	2
1573	4
2915	3
4167	7
1551	3
2356	10
5302	7
999	5
814	5
4997	3
151	5
1369	7
3752	4
1225	6
3933	9
1257	3
2603	9
1632	9
674	7
731	9
2229	10
2961	6
152	1
357	2
1855	9
4732	9
153	2
1449	7
1843	8
4128	10
1020	8
1371	10
2419	9
5069	6
3167	7
4711	10
3596	8
4892	5
1564	9
3718	7
3985	5
4620	8
1835	2
5703	8
5999	8
155	7
848	8
1298	10
2986	5
4609	10
5693	8
1474	7
4638	5
4737	10
208	7
2071	10
565	6
5759	6
2142	4
2535	5
156	5
490	7
3139	10
457	4
1769	5
629	1
871	9
1211	9
4486	4
4911	10
5774	9
4645	2
1668	7
1652	9
2410	6
2199	8
2457	2
4410	5
2504	7
3794	7
4337	9
5393	6
5620	6
158	1
1010	6
356	3
4221	10
5071	7
5375	6
160	3
5078	9
1218	3
2685	7
5313	7
4496	10
4585	4
5513	2
417	8
1852	8
2144	10
2289	5
3677	9
1697	10
2210	6
4650	4
4907	5
2817	9
3931	6
4351	3
4373	8
2614	6
4299	10
5399	1
5334	6
627	5
816	6
3830	10
4443	8
5789	6
330	9
717	9
3602	4
2605	4
2218	5
2577	7
5299	9
165	8
452	6
4616	10
4626	4
225	9
375	6
1971	4
3913	5
3198	7
5247	2
3517	9
4859	10
2796	3
5524	5
3604	10
166	5
1241	8
971	10
1223	6
1741	4
4208	3
4535	2
2129	10
5248	5
5119	6
2689	3
4548	6
5712	6
167	6
1348	2
1456	2
3632	10
4436	7
4701	7
1025	9
3563	4
4949	6
1776	4
3600	2
2306	4
5819	8
653	4
889	4
2799	10
169	6
2473	8
5535	6
1609	2
2549	10
3880	2
5893	9
1357	6
3452	8
3934	6
2147	5
3077	1
3134	2
3487	4
3837	9
5339	9
170	10
2781	6
5631	5
546	6
794	6
5074	10
5261	7
2624	7
3506	8
5841	7
5879	5
2596	4
418	7
1267	2
3525	3
5673	4
2265	5
5135	1
5154	5
295	10
1887	10
5106	5
5822	6
171	6
3276	9
5194	5
368	9
2023	6
2533	9
4390	2
491	4
1646	8
3163	10
3443	4
4131	2
172	1
4521	1
654	5
5480	4
2527	10
3356	3
4633	7
5702	8
1942	9
961	6
1344	8
3338	6
5581	6
5917	7
3727	2
5715	8
3064	10
5422	10
2956	9
3698	8
175	3
4374	10
1454	10
3881	7
176	6
507	4
3565	8
3293	10
657	2
735	9
2633	1
979	9
5488	8
658	8
256	8
2415	7
2429	6
5007	10
4961	4
5881	10
1663	4
5009	7
2587	8
5212	9
1820	10
3105	3
5364	6
2111	4
2472	8
2180	4
179	6
4741	9
3969	6
4383	10
4816	9
505	1
1479	6
3787	10
1255	8
3214	8
5936	4
180	9
4214	3
4306	5
5977	3
5636	6
4463	6
1161	9
4174	10
5924	8
1444	9
3239	3
3492	7
4610	9
5845	9
3123	8
288	8
4302	8
5766	9
5120	9
181	9
2523	4
2124	10
3548	3
4505	5
5164	7
1237	4
4848	10
618	4
806	6
2412	9
2565	7
1416	9
5273	5
182	5
325	9
1489	4
2150	6
4381	3
1240	3
4887	10
2636	3
3335	9
538	4
3019	2
3976	7
183	4
3475	4
2255	9
2787	8
3607	9
3778	10
4367	7
5783	1
184	1
2441	4
5218	7
316	6
5974	1
804	6
1197	9
3473	10
2241	7
2760	4
741	9
2092	6
825	10
3085	8
3380	9
4124	7
3243	9
713	3
989	3
2109	3
5259	5
2137	6
2928	1
4656	2
187	5
1795	3
2149	8
3539	3
1707	6
5193	8
5594	7
188	7
4480	6
1623	7
1929	5
3963	5
4629	9
4989	3
5414	4
1446	4
1958	10
4570	10
189	5
936	3
2728	2
3121	3
4320	10
4998	8
2914	4
4314	1
5228	6
459	7
4234	9
4256	4
190	1
1471	5
3290	2
4792	6
5944	6
191	1
874	3
911	4
1628	10
3159	8
5378	2
192	4
1086	4
1463	3
2498	6
535	10
3689	5
193	10
1742	8
1116	4
5190	5
236	8
4912	4
2939	6
4000	4
5045	6
1318	7
2342	3
5013	7
4356	3
5159	9
1493	10
1021	9
4877	8
3462	9
5473	7
4071	4
3117	4
833	9
1019	3
1536	8
3115	10
5229	9
1088	5
4580	9
2174	9
2756	10
3555	10
195	10
2802	7
3048	3
3124	6
4127	1
5195	5
835	9
1013	10
1644	2
2157	4
4109	7
5717	1
714	5
1552	7
5163	9
5796	8
2973	7
4943	5
2597	9
5340	8
2437	10
2719	9
2814	4
4365	4
2385	9
3456	7
5077	6
1921	4
196	6
1380	9
3870	8
5379	4
5384	4
5874	3
217	2
3523	10
3910	4
4622	8
5948	2
2208	3
5088	8
1537	5
317	8
3053	10
4102	5
4376	6
3834	4
197	4
351	6
2414	9
3096	9
4888	4
3190	2
4051	6
5740	5
198	9
1249	10
2528	7
3372	7
4485	5
2615	5
2665	9
5856	6
3033	7
2668	10
3887	4
3154	6
544	10
5706	6
4562	7
1577	3
199	3
3895	7
5305	8
4304	5
951	7
5505	6
200	1
212	9
1838	3
4898	9
5802	9
201	1
290	10
1871	6
2355	3
3412	4
4613	5
706	9
4833	4
3137	10
3826	6
4024	7
4853	6
670	6
5458	6
5600	9
203	4
5291	10
1965	8
2100	4
266	7
2912	8
5692	8
204	3
1538	9
1667	6
827	3
2284	1
426	6
3818	6
205	1
207	4
2591	1
5059	9
1826	10
1995	6
5834	10
4137	9
2276	8
2507	8
3573	6
5086	7
4464	9
3126	8
2002	3
3623	10
4247	2
3745	8
391	9
3270	5
2831	6
1569	5
5211	1
1201	4
2483	10
3725	2
5852	4
3736	10
4210	1
4465	7
1798	9
2016	8
2172	8
4504	10
3892	10
2833	7
4977	9
1988	5
5433	4
366	5
1439	8
5380	9
2684	7
4212	10
1936	9
3136	4
5645	6
4794	7
5468	5
5812	10
575	8
1327	9
3634	7
2207	9
1432	5
4534	8
4885	5
5416	5
1389	9
3793	2
2005	9
5177	8
5554	10
5238	10
5432	2
214	10
2432	6
2466	6
3091	10
3821	7
3902	10
4405	2
5550	8
2250	6
3706	3
3756	1
4689	4
5730	6
1374	8
1918	8
4134	10
384	7
2053	7
4756	8
3662	8
5720	6
4727	8
4819	4
5882	7
1996	5
2061	8
4408	6
4549	10
3549	10
3964	9
5397	6
965	3
3675	3
3184	6
2734	6
4322	6
5777	9
5870	10
846	7
3647	8
3611	10
1608	8
1627	4
471	6
1825	8
3583	8
1954	9
2784	7
3030	6
4466	4
5225	10
2254	10
5976	5
219	2
954	4
851	7
1539	10
2717	7
2883	10
691	9
1959	4
3320	2
2257	3
5297	3
5704	8
2881	9
3390	7
4624	10
1030	2
1534	9
4153	1
340	10
1316	5
1792	7
2575	2
222	3
3825	2
4431	5
5110	10
1860	7
2221	8
2261	10
642	3
2666	9
3349	6
3448	3
4679	7
601	7
3348	8
1247	9
2910	6
5175	6
4674	2
5265	9
3305	10
380	5
1246	10
1594	10
3873	3
5080	4
5755	10
4568	4
5300	4
4601	7
2398	5
1497	8
5116	3
5613	6
5865	2
5403	1
5804	3
5913	2
1626	8
3761	4
3625	5
3200	6
4141	3
318	9
983	5
4692	3
226	7
2729	9
1351	10
1042	1
3246	1
5921	7
5980	7
360	7
956	10
3822	3
343	4
1901	3
4831	6
265	10
1701	5
1415	8
1603	8
2751	5
3408	4
5729	8
803	7
824	6
4332	8
2921	7
3238	2
3359	3
3801	6
1424	2
1739	10
1994	7
1593	9
3307	10
228	8
884	5
1613	9
4870	5
5821	9
1527	2
1785	10
4678	8
1280	3
4270	8
1080	3
1624	9
3363	5
5494	6
1157	5
1262	7
619	9
1507	9
2304	5
2866	8
5246	6
2373	7
488	2
644	3
1822	7
3986	2
4631	8
232	1
5065	9
5855	10
1475	7
5900	4
5832	4
235	6
672	5
1437	10
1766	10
2730	7
3289	1
4326	8
3234	3
5847	8
2554	8
2762	6
1610	9
237	3
3174	4
2493	6
5829	1
745	4
2551	1
4448	6
5609	8
1621	9
4180	4
239	3
3447	6
3715	2
3980	3
240	9
1944	4
2626	6
2788	7
671	10
5012	10
1806	2
2649	5
5376	5
5382	3
315	8
363	10
367	4
3601	7
3702	2
3682	3
5986	5
2223	9
4095	5
2011	4
3485	4
242	7
3758	2
860	10
1196	8
4451	7
5428	3
1221	8
2889	3
4378	5
319	7
4360	6
5579	6
5955	9
2890	7
3516	5
3906	4
5363	9
5876	3
5938	3
1111	6
5984	7
1496	6
3595	5
5134	3
3286	3
244	7
1540	9
5000	10
1673	6
3967	4
5484	7
2381	9
5385	10
1824	9
5757	7
246	1
2490	8
248	2
359	7
1319	9
4459	4
4654	9
249	1
1581	4
4530	2
4592	3
5258	4
250	2
2154	10
2312	6
5853	9
251	10
761	3
2317	1
541	6
2101	7
3114	2
370	6
1557	10
4945	6
932	8
550	10
4489	8
5307	4
600	8
777	9
252	4
4858	8
3393	7
1155	9
2674	9
5073	8
253	4
1898	10
3429	2
3802	9
5482	5
5041	2
300	4
254	3
2594	6
664	4
3013	6
4353	5
2000	8
2727	3
3865	9
914	4
970	5
5835	4
4993	5
1272	7
2400	10
4029	4
4776	8
5357	3
1802	3
3292	10
5423	3
552	4
1093	3
3196	8
3922	10
659	6
2166	6
3092	9
3295	6
3994	8
5785	8
2909	9
3923	6
1512	9
1934	8
4083	10
559	3
3330	8
4908	7
5919	1
4391	5
4334	8
4513	9
3552	8
258	4
3274	10
2330	8
845	10
975	5
4047	1
3156	3
2700	6
5317	1
2408	10
3577	8
444	5
1266	10
260	3
3240	1
4300	7
5880	3
4057	3
4553	10
5922	10
902	5
2256	8
3609	7
766	10
1629	5
4020	9
4094	5
262	8
1134	3
2511	10
2997	9
5121	10
3983	7
5597	8
2407	3
3846	5
613	10
655	5
3782	3
263	5
2933	9
4275	2
1894	8
2922	3
3566	7
822	1
264	5
3945	6
5508	5
435	9
1896	5
3026	8
4757	10
3839	7
4716	8
5124	5
2217	8
3176	8
2746	9
4272	9
5617	9
4163	2
4905	2
2115	8
2541	4
5083	10
5094	2
5809	8
3328	3
4801	8
303	9
5896	10
1530	10
1584	6
3080	7
4962	6
1568	5
385	2
1566	3
3025	7
5583	4
668	10
1679	8
2584	6
1258	6
2206	8
3247	8
2740	5
326	4
3807	5
5030	8
331	6
2263	5
3153	4
4773	9
528	6
2958	6
5252	5
268	4
857	8
1362	5
5199	3
630	8
4093	10
4657	8
269	3
1413	10
3090	9
2345	9
4189	8
2980	6
5391	2
271	1
272	4
1915	5
2054	5
4185	5
5678	10
3472	10
2637	6
433	3
4064	6
4049	4
274	4
3027	1
3845	5
5151	9
3044	3
4523	9
5713	10
5677	5
275	4
3130	7
4788	1
373	7
4207	3
4308	1
3866	5
4482	2
1312	2
808	7
2080	2
1356	10
3079	8
4582	3
4647	7
4923	7
5017	5
278	6
903	3
1277	5
1829	8
5421	9
2925	5
3266	2
3813	5
3888	4
1124	8
5025	4
788	4
981	8
1029	9
4811	3
1409	9
2738	9
5539	9
1059	6
281	2
1853	4
3570	9
4648	8
2837	6
5453	7
282	5
5341	10
2691	4
747	4
4660	7
283	10
2650	5
3397	7
5026	6
492	5
3384	9
3621	6
3614	2
4897	1
5727	7
1816	3
1862	5
3808	7
5536	2
3767	6
2075	9
4193	5
2394	4
5462	2
5459	9
3215	5
4427	7
2496	6
5861	10
286	1
3199	5
3840	4
5743	4
4542	5
4942	8
1434	8
4992	3
3068	10
4681	4
4820	5
1126	5
1760	3
2189	7
2930	3
3271	5
1194	4
289	3
1342	8
5407	10
1681	5
3494	6
1597	2
2105	5
4363	10
291	9
4952	6
4965	10
2803	9
3774	7
1749	3
2861	5
292	3
1928	5
4345	9
4894	4
2032	5
3244	4
5033	6
1459	3
4960	2
5342	5
5183	5
298	7
2804	2
3061	10
3537	4
5799	9
294	1
4567	2
1001	8
5628	2
945	5
1465	7
964	7
2006	6
4377	4
4979	9
296	7
880	4
2467	3
2589	4
1185	5
4475	5
3712	7
2307	8
3001	3
3527	2
5129	8
2785	8
2582	7
4661	9
1269	7
790	7
5351	10
5485	6
1916	6
3260	7
5347	9
5656	10
299	5
420	6
4146	2
1363	3
2686	9
3581	10
4627	3
819	1
4361	2
4003	9
5118	7
5831	5
2122	1
301	3
2744	6
5820	7
512	4
3784	6
4751	7
1276	1
2293	6
3860	6
2425	3
4984	10
5207	6
3885	2
3617	7
4745	5
5221	10
1156	2
4043	7
3458	3
4325	5
304	2
5552	1
5641	10
3907	9
1963	8
478	9
4386	8
5472	1
1349	2
1600	9
4750	5
2099	7
3251	6
2544	8
3110	4
588	4
5701	6
2581	4
3484	3
308	6
641	4
5208	2
396	6
751	5
5707	3
346	4
596	3
2163	10
1801	9
309	3
4964	3
1955	7
2034	2
3343	4
1395	8
2681	3
2399	7
2094	6
3404	7
660	9
811	5
2158	8
5417	7
4344	7
3505	6
5653	5
4168	2
1411	4
927	3
1854	5
2601	4
312	3
1643	2
4148	5
4339	3
5223	6
5697	2
4030	7
1305	5
4677	7
1659	10
864	2
4861	1
5150	5
489	1
4498	7
1567	8
2477	4
5680	3
1803	4
5441	2
1078	5
3918	5
5233	9
3427	9
5973	8
376	10
4539	5
5131	7
548	4
514	9
1375	9
1296	2
1905	7
5141	9
3086	4
5587	10
2724	2
2692	5
5075	5
473	4
3571	7
2985	7
5492	3
5660	10
4031	7
4402	7
4940	6
1549	1
320	1
5411	10
321	1
4387	3
322	10
5517	10
2758	10
1423	2
4112	5
2392	7
5838	8
1993	5
5275	7
2482	2
3008	9
4262	8
5580	6
1514	4
4126	8
323	4
5032	6
3132	9
3920	9
324	6
4528	2
5710	6
3040	10
998	3
1040	5
3535	5
1453	3
5162	4
841	6
2879	5
1137	7
876	7
3642	8
2391	1
1730	5
2066	8
3375	10
5176	10
5610	7
5918	9
5244	8
1968	8
1772	4
2145	7
1983	2
2786	5
3180	2
4983	4
1263	10
802	5
3218	4
3760	7
3952	10
834	9
5136	7
4797	8
5605	5
2216	5
2339	5
2593	8
1385	7
3365	7
4642	6
3022	7
3679	8
334	4
1494	2
2055	7
4203	7
2478	9
4219	6
4406	10
5647	8
5975	8
336	8
3100	4
5220	3
2772	8
3550	10
607	8
2716	4
4879	10
2489	4
905	4
3391	3
3073	5
5981	5
337	8
2725	7
5049	2
5902	3
2058	3
2732	10
4594	1
615	10
2469	6
338	5
4467	6
5956	2
1058	8
3118	10
339	6
2397	7
4755	4
815	8
2869	3
5387	9
1192	4
5241	4
354	3
2807	8
4232	4
4395	1
2572	5
3129	8
1082	3
1682	3
1428	3
1883	6
2110	6
3161	8
341	4
5239	10
623	6
5109	3
2126	2
4550	9
1830	3
3254	2
5516	4
480	8
1977	2
2783	10
3672	6
1642	3
4358	1
4565	6
4947	2
3709	7
3937	3
4583	9
2098	5
3838	7
4803	3
345	5
684	7
4238	10
5526	5
5800	2
3051	9
5914	6
467	4
347	9
2506	10
3230	7
5311	2
4873	2
2178	9
2918	8
5928	9
744	8
348	3
2037	2
1373	2
4700	10
4809	9
1725	4
1759	3
5714	5
720	5
1840	3
2835	3
3035	2
1846	9
1273	5
504	1
1041	2
1719	7
1796	8
4100	4
1561	2
2943	10
3342	6
352	2
5270	10
353	1
1586	6
1546	5
5415	1
355	5
1259	9
481	10
1927	4
2926	7
4956	10
3428	5
918	6
1410	4
1842	10
1417	4
2590	6
3116	3
3177	10
5419	10
1074	8
3491	8
1300	7
361	7
2480	3
5474	9
4838	5
1378	4
1072	5
5201	10
5262	6
878	4
4662	5
1390	8
1303	7
2138	1
1405	2
1501	1
1956	2
4557	9
364	5
3742	1
4561	2
3018	5
365	1
4426	6
3754	7
784	1
3309	1
4474	4
5629	3
5786	6
4018	4
3418	4
5521	6
5290	6
1657	5
4665	8
4191	2
5935	4
3598	4
1104	5
2555	2
4375	4
2608	9
2769	2
5867	10
1811	6
5724	5
3984	3
2359	5
4312	2
4555	6
572	3
4695	2
4703	10
2917	9
2919	8
4409	4
5003	6
1602	4
1662	7
3588	4
4526	2
4559	1
5483	6
374	1
392	4
1914	7
5963	4
2940	8
2378	5
4052	6
2226	3
4423	6
5184	4
496	2
5824	6
2009	7
3542	10
4033	8
2458	2
4369	4
2748	6
4472	3
2438	4
3366	7
377	2
4815	7
5158	5
378	3
1685	1
840	10
1770	6
379	1
1476	2
3406	1
4250	5
4310	6
479	7
759	6
5899	7
4810	5
3740	3
2908	10
2937	3
3054	6
4315	1
2932	3
3520	8
4714	8
3831	2
4950	6
3476	7
383	3
1794	6
4715	7
470	2
1391	5
1525	10
432	9
4649	10
4987	2
386	7
408	9
3771	5
4114	7
4996	5
1576	6
3131	3
1947	2
3746	7
682	7
5409	5
669	4
3641	7
1635	7
888	5
1403	2
2971	8
5180	8
389	1
5123	5
390	7
3564	10
1574	8
2211	7
3592	7
4011	6
4278	2
1112	4
4143	3
3316	7
5991	3
1332	7
4865	8
4854	9
495	4
2768	8
2235	3
1260	10
1810	4
2446	8
3482	5
2955	4
5222	1
1729	6
1779	10
633	8
397	4
5968	3
4621	4
5449	8
2427	10
3103	1
3857	2
4767	2
1599	2
1690	6
3696	9
1174	2
3024	9
2963	8
3098	1
4197	9
4403	4
4581	6
621	2
2232	7
2558	2
4254	4
402	3
4149	8
3530	5
403	9
586	4
2882	7
3454	1
1771	5
2269	3
1243	1
1565	5
2074	8
5663	10
3796	2
5833	5
5497	10
4946	9
5043	10
5787	5
3185	1
5402	6
1555	9
405	10
1199	9
3175	4
5985	6
2595	3
722	1
599	1
4514	6
5618	4
3469	7
4599	6
5203	5
5771	7
4734	9
5590	5
406	2
1660	9
743	7
3166	6
407	1
2743	3
2219	2
3899	7
5642	5
941	6
5490	10
2141	7
2820	7
3618	9
2266	8
687	7
1331	7
4263	4
1724	3
767	6
5202	8
3256	2
1355	5
3275	4
3973	2
3605	3
4130	7
2095	5
2759	8
4181	6
4264	6
412	5
2983	6
413	4
1550	8
4074	5
5721	4
414	2
2891	5
3629	6
5401	5
415	3
3703	3
416	2
1486	4
3409	7
2388	10
3046	6
2664	6
3561	4
3135	7
866	3
3495	5
5335	5
3518	4
419	7
3668	6
4425	2
5639	2
4502	2
4241	2
474	3
5348	5
2816	10
3651	9
1812	5
421	5
2998	10
3210	2
2401	6
1823	5
2948	4
2411	4
3248	5
1712	5
5018	7
424	1
4707	2
425	3
466	8
2607	6
4906	4
1239	1
5650	1
5662	2
2461	3
5632	9
427	3
428	3
1790	3
4038	7
1684	7
557	6
1601	5
1127	8
431	2
582	6
5447	10
3843	4
3823	9
4218	4
5611	8
858	2
2361	2
2849	5
1427	3
5534	6
1281	3
4812	2
1049	6
4078	8
593	9
4736	2
4512	7
2659	5
3908	1
1143	5
1495	7
4834	2
752	1
1920	3
2278	5
5365	2
436	1
2423	9
437	4
4516	2
1520	7
5957	8
984	5
5370	2
4625	8
440	1
1386	5
441	6
448	2
1873	8
1827	4
5604	3
862	7
1828	1
2897	5
442	2
4255	9
589	3
5408	2
4872	9
2736	5
4889	3
1060	2
2704	7
4978	6
2950	4
2954	7
2014	8
1414	5
1680	1
2277	4
4957	5
4269	4
446	3
3479	2
5988	5
447	3
1878	10
3916	7
451	4
5843	4
1017	5
904	1
2349	7
2580	3
3208	2
453	6
2545	5
3970	2
4971	3
1032	6
5263	10
454	9
1176	9
5174	7
1101	9
4294	4
4847	3
1159	9
1261	9
5105	4
5954	9
727	10
4435	4
5839	9
5931	3
1191	7
5101	3
2195	4
3097	1
2121	2
737	3
1398	2
2707	10
2780	4
4789	4
5547	2
1714	6
4257	6
1341	3
5269	7
458	2
4742	9
4918	7
4416	5
1533	3
1848	1
3451	10
460	4
1767	6
2091	7
2962	9
3474	4
1265	3
1732	5
2695	10
4213	3
5744	5
2628	10
5805	9
462	5
555	5
1620	3
4543	3
5322	6
728	8
5503	7
5916	7
2382	2
3193	7
4236	6
685	8
1889	7
4800	5
3432	7
1322	7
4010	7
5566	3
5966	4
2283	7
2421	2
4323	9
5489	6
3062	6
3501	10
4639	4
1145	7
3317	2
3661	5
468	9
3558	9
3182	1
4709	7
3144	2
2559	4
2860	5
1503	7
2850	3
3107	5
4846	3
4805	7
553	5
2811	6
3467	5
779	5
3832	8
3559	3
1330	9
3545	2
1173	5
3466	7
1591	2
4357	10
5760	6
742	8
5763	8
2938	8
3470	8
4653	10
1178	3
3162	1
2893	3
4910	7
4970	7
3312	8
5089	7
5816	4
1359	1
3710	9
3209	5
4098	8
499	8
3346	10
4646	3
574	7
2224	5
1945	8
4560	10
2290	2
4840	6
1706	3
1640	9
4177	3
2177	5
913	1
1233	10
3125	9
2173	6
4744	3
543	3
1872	2
4558	4
746	4
3914	8
2329	5
651	9
2497	4
487	1
4917	9
510	8
1672	9
3890	2
5616	4
1850	2
3219	9
2920	7
5567	4
2146	9
1614	5
695	3
1367	8
2046	8
1786	1
494	4
4724	4
5531	6
4686	3
497	1
4115	5
1412	4
2114	10
2402	3
2823	7
934	6
2808	9
3045	2
2200	2
4572	3
501	3
4938	2
5186	6
502	1
966	6
2474	6
506	6
3871	9
4333	10
2167	5
4730	6
5890	8
3878	5
1462	6
4307	7
2087	4
2259	4
2968	9
3591	3
4125	1
3848	8
3411	1
3498	8
3416	3
1932	2
2152	2
1713	4
688	5
1189	4
4802	8
1677	2
4341	3
5573	3
2553	5
3232	2
1254	9
4829	1
1656	7
4297	5
4518	8
5072	1
2522	3
4619	7
5529	10
5676	5
2344	2
4324	9
5039	4
1430	6
2617	2
515	3
2622	2
5219	7
2297	3
517	4
549	2
4187	8
3497	6
3755	3
3877	3
3663	3
5655	2
5794	7
2251	10
933	9
519	2
5185	5
5253	5
5752	4
3540	3
2057	8
3694	3
4914	3
3152	3
4630	5
3310	10
5765	9
521	1
2062	4
4731	2
522	1
523	6
1452	5
5359	1
1393	8
3889	1
3928	4
4605	1
764	6
5189	4
527	2
5277	8
1212	9
2645	1
852	6
529	3
2638	6
5912	5
530	1
1396	5
2160	9
2084	8
5037	3
532	4
2812	9
5644	7
3445	3
2576	9
533	3
2818	5
4316	5
4453	5
5500	3
1734	6
534	4
3749	6
4774	4
1784	4
2143	8
3072	6
5798	4
5972	9
1877	1
5446	5
537	1
1468	2
5705	2
842	3
3521	5
1287	8
3522	6
539	1
773	2
3788	3
3504	2
3005	10
4944	7
5130	1
5205	3
4975	2
1275	5
5751	3
1458	7
2222	9
608	10
3113	3
5022	10
5051	4
881	10
1498	2
547	3
5198	3
877	6
2369	10
2314	7
2047	4
1868	4
2377	7
3556	4
5622	4
1203	2
1379	3
554	2
3630	7
5260	2
3450	4
3896	4
1271	1
4173	9
556	6
5412	8
855	1
1938	2
2792	3
3734	10
1096	6
2703	3
1302	6
2884	2
4417	10
726	1
3213	6
5465	3
3324	5
562	1
3259	9
4048	6
1094	3
897	10
2404	4
3424	6
4296	3
2271	6
4704	10
5990	2
566	3
1532	3
567	1
5406	5
3252	6
3141	3
1885	1
2176	5
5911	6
2198	3
571	5
3652	5
2295	3
2864	2
2885	5
4470	2
1518	3
2405	5
818	5
5479	4
4044	7
2007	2
5908	3
2168	3
1571	2
3436	5
1797	1
2279	2
4076	2
5143	9
5042	5
4227	6
5087	1
5962	3
3547	6
580	8
5825	8
1625	8
2181	5
3017	7
3179	8
772	10
1639	3
5878	4
849	1
2426	3
583	5
2422	2
5775	9
4022	4
622	4
1517	6
1943	4
5756	1
5386	3
1353	8
799	8
1688	3
5268	3
587	2
3400	4
1457	2
2376	2
721	4
4862	3
5063	2
2996	9
957	7
4981	7
837	6
5374	4
5555	2
2896	2
3399	4
3798	2
1404	4
2107	2
2547	4
2260	6
594	1
4623	8
595	2
2774	3
5383	3
1756	1
4354	1
4637	5
3071	9
4172	5
5282	2
1952	4
2159	5
1169	6
4841	8
5108	1
3586	2
2731	2
3493	2
1147	3
1911	2
2350	9
2752	4
3904	3
796	8
5288	7
5532	3
5887	7
863	3
4824	3
1065	5
3683	2
677	1
3171	4
1092	1
1100	3
606	5
3693	3
2418	10
3140	6
3377	6
2120	5
2667	7
3303	7
4710	2
3835	4
2643	8
4069	1
611	1
1510	6
1839	2
2518	5
2654	5
4655	2
4252	8
3206	6
4593	3
1230	2
693	2
4915	5
3381	8
4286	5
5081	1
5932	4
3953	5
3769	6
5633	2
5328	6
2097	2
4462	4
5608	2
891	6
2754	6
1522	2
5837	6
1292	10
2669	3
5840	3
3212	7
3023	7
3637	2
2566	4
2749	5
1717	4
624	1
3188	4
2778	3
3333	5
5431	3
4769	5
4481	8
4578	4
628	4
3340	4
2040	6
2902	8
3507	7
5287	9
1691	1
2242	1
4182	5
1704	9
3853	7
4590	6
4985	3
4589	4
5001	2
1700	6
2119	8
4118	5
3589	7
2876	5
2252	6
2657	2
3151	7
645	2
3318	1
646	5
2848	9
4002	3
1649	5
4352	8
5148	8
4835	8
1578	4
5560	2
2853	2
4006	6
3437	2
5435	3
853	6
2543	7
1067	10
1135	8
2085	7
3626	10
1008	4
4055	3
2083	9
2561	4
5709	5
1521	5
875	4
1758	6
1231	2
3036	1
1888	6
2907	4
820	5
1171	4
4722	2
4777	5
3659	8
4545	4
4668	5
3063	3
3257	2
1070	5
4735	1
705	3
1090	5
3477	5
2164	4
2362	4
2967	9
2203	2
4934	7
2171	3
1558	8
3982	1
703	7
758	4
4021	7
5511	6
1037	7
5657	3
2905	2
4976	3
4019	7
5330	2
5530	1
4396	8
5050	5
5719	3
3901	3
4198	5
2935	1
2424	2
675	5
909	4
4672	2
5146	8
3874	4
4215	4
3876	1
5814	7
3272	6
2583	2
3991	9
4295	4
1658	2
5090	3
2675	4
1419	3
5767	3
2460	8
1323	5
5942	2
5196	1
1930	10
4007	2
3029	2
689	3
2934	2
1596	2
4110	6
4175	8
2133	3
5671	8
3534	6
4424	4
5569	4
2267	5
2287	3
4283	4
3060	2
1036	2
1678	4
701	2
1880	3
5846	2
4184	9
3993	6
5181	3
2846	7
3192	3
3981	2
1207	2
3946	1
4471	2
1146	4
2067	3
708	1
1815	9
3352	3
1270	1
3076	2
916	4
2530	1
2326	9
2863	5
1636	5
5381	2
2620	6
5514	2
712	1
1804	7
3010	3
3900	1
4037	7
5398	4
2320	1
1793	1
3490	4
3815	2
4103	6
2093	3
5298	1
3165	8
1979	3
2655	3
2969	8
2585	4
2435	3
3358	6
1764	7
4460	7
4775	10
724	1
4644	3
4258	5
3695	4
1708	8
2302	8
1622	6
4111	4
1876	10
3370	4
730	2
4347	6
3102	4
5308	4
1775	5
4517	7
5598	2
969	3
753	3
3713	2
3568	1
1299	3
1003	1
4025	3
2288	10
2464	9
4473	2
4202	8
3894	5
4739	5
1006	6
3574	10
2990	7
3653	7
5314	4
4414	5
2492	3
5509	8
748	1
749	1
2560	1
5501	1
765	8
5967	5
1773	6
5797	7
1358	2
1429	3
756	1
899	3
1177	4
2970	4
1869	2
3226	7
4447	1
760	1
5466	5
5367	2
3912	4
4828	4
2623	4
1202	1
5093	3
2726	5
4008	6
2370	4
3940	1
2898	7
3273	2
1611	2
1038	2
770	3
2262	4
4086	3
771	2
4864	6
5061	5
5234	3
4875	7
3979	7
775	1
995	5
1999	5
776	2
4442	4
3584	3
780	1
1014	1
873	3
1807	3
783	2
2112	9
4588	2
4869	4
791	4
2031	5
792	3
4871	6
1917	4
795	3
1580	5
2501	7
5548	1
4932	3
4331	10
3925	2
2771	2
4476	2
5047	4
1245	3
2044	1
2285	5
4856	5
2542	1
813	1
900	3
1293	2
4171	2
3486	6
2450	3
1902	5
1477	6
1588	2
4438	8
4288	3
1102	7
1961	7
809	1
1113	9
3790	2
4953	3
2965	2
1304	3
5512	1
5024	6
3711	4
2169	3
4925	2
3781	1
4566	6
1150	6
944	5
1728	2
5264	4
3066	6
4201	3
3313	6
2550	4
2625	2
3398	4
4249	5
5133	1
3323	3
4452	1
1692	1
3643	3
4220	2
1140	8
3253	7
3236	9
3579	4
5891	1
4544	3
3730	5
4959	5
1461	7
3657	3
5897	6
1699	7
5368	5
2714	6
836	8
3977	2
4541	4
5658	4
1572	4
5895	9
2690	4
4652	1
1912	7
3169	3
1738	4
3541	3
5085	3
3578	3
4348	7
4501	10
4825	4
3386	2
1046	4
5551	2
5301	4
847	2
5475	4
850	1
5694	6
3729	2
2413	6
2562	4
4584	6
2993	5
1123	7
5952	1
1467	2
1234	4
3258	3
4091	3
3510	1
3016	5
1990	5
1925	10
2825	3
4671	5
3974	4
3294	4
4432	3
2750	5
5750	4
5934	7
5563	2
2454	4
4061	5
2019	1
2347	3
5276	9
4936	7
5102	6
5294	3
4876	9
3990	8
882	2
4780	3
1285	2
2573	6
4034	5
1031	2
5507	6
1068	1
2305	5
5028	1
4123	5
1535	4
5278	7
893	1
1909	6
894	1
896	1
4478	3
898	5
3081	8
4014	3
5593	2
1693	1
3721	6
1490	4
901	1
4786	6
2923	2
3704	3
4667	4
5739	7
908	2
2395	3
5504	2
912	2
2913	5
3446	1
3805	2
3719	1
917	2
3094	1
4245	6
4752	5
4765	5
1791	8
2810	3
922	1
923	5
3748	2
4154	3
5546	4
5020	4
925	1
5457	3
2036	1
4963	4
929	3
3722	4
5951	4
931	2
5615	3
3859	3
4291	2
4684	2
937	4
2793	1
939	1
3891	2
5909	1
1364	6
2900	3
1702	4
946	1
3481	7
5778	1
3562	3
5949	2
949	1
3227	2
3936	1
4059	5
1981	3
3142	5
3824	8
952	3
2201	3
2741	2
1648	2
2442	2
4669	2
3814	8
4508	4
2670	3
959	2
5520	1
960	2
2052	7
1095	3
5772	4
5155	3
2153	3
3262	4
4419	1
2842	2
968	2
3249	3
5023	7
3364	7
5139	4
3326	5
3543	1
4604	3
2739	1
1394	9
2236	7
976	1
2586	6
1290	2
978	2
2632	7
1748	6
980	2
4450	1
1402	2
2699	3
5850	6
4673	10
4274	2
2431	1
2479	4
2639	4
1951	2
4617	3
4980	2
1295	10
4400	3
5048	1
5939	5
1000	3
4893	6
1372	3
4491	6
1043	3
5467	7
1433	3
1007	1
4164	4
5172	3
1856	3
2737	4
1011	2
5734	5
1012	6
1054	4
3111	2
1333	3
3962	5
1964	5
2063	5
4161	9
2651	2
5575	1
1024	1
2028	2
2798	2
3847	1
1733	4
1028	8
1337	4
5255	3
4469	2
1053	10
4058	6
2416	1
1314	4
1473	2
3178	5
2049	6
1705	2
4199	8
1847	6
4107	4
2434	6
3401	1
4266	3
1570	7
3314	1
1720	5
5251	4
5038	3
2612	4
3465	7
1864	5
2452	6
1619	1
2931	2
3567	10
2298	4
2599	6
3775	1
3496	2
2291	3
5476	2
2238	1
5630	4
1654	3
1935	6
3700	3
4883	2
5438	5
2310	3
1470	5
5827	3
3038	2
3204	4
3241	2
1069	1
1740	6
3854	1
4355	2
2822	2
1745	5
4766	5
4931	3
2337	4
1089	7
4188	2
1083	2
1084	1
1215	3
2487	9
2205	3
5096	3
1087	2
5844	3
2026	6
3884	6
2243	4
5888	1
1755	3
2677	3
1949	1
4753	2
4603	4
2245	5
1726	6
4851	3
1236	3
3512	5
5782	2
1106	3
1109	1
2519	4
4705	6
1731	8
4525	5
4253	7
1118	5
3395	5
2592	1
4890	4
4571	3
5726	6
5784	1
2151	7
2766	4
5688	6
5280	5
1447	2
4015	1
2755	2
4988	8
5413	1
1128	2
1306	6
1131	2
4338	3
1421	1
2994	1
1138	2
5958	4
4309	3
4563	1
1383	5
2448	1
4670	2
1149	2
5769	5
1703	1
1151	1
1152	1
3943	3
5601	1
3684	2
5858	7
2979	5
1160	1
1163	1
3685	1
4237	2
4260	2
4636	1
5354	3
2520	6
2024	9
3612	2
1368	2
1175	3
3971	1
1235	7
2102	3
1181	1
1220	2
1976	4
5126	2
1195	2
2103	3
1198	3
1200	4
2486	5
1209	1
1210	1
3120	2
5541	10
2569	3
2118	2
1213	3
4411	3
3957	1
5230	2
1224	1
4509	1
1227	1
4401	2
1229	1
4546	3
1288	1
5224	6
3181	3
2568	1
3656	4
1248	1
1250	2
4205	1
4434	1
2139	1
5556	1
1256	3
5588	4
2449	2
3503	3
3351	1
4587	3
5242	1
1504	2
2653	2
3924	3
2987	3
3872	1
1526	2
3376	1
3915	4
1289	1
1523	3
3435	1
4818	2
4012	2
3225	3
2892	2
1307	1
1309	1
4749	3
1313	2
2038	2
1866	4
3378	1
5337	4
5585	3
3211	2
1325	2
1669	5
1326	4
1841	2
1407	3
2104	2
3367	6
4379	6
4195	2
2539	6
5499	7
4640	2
2264	2
5068	1
3388	4
4611	2
1933	1
2946	7
2515	5
2106	1
4342	4
5646	3
3810	1
2089	1
5854	1
4974	1
4747	9
2192	1
1381	2
1441	4
2957	5
2856	1
4839	3
3965	5
5430	2
4293	5
3532	4
3203	3
3205	4
1789	3
3480	1
3648	1
2526	2
1436	1
1438	2
1865	2
1442	2
5052	1
1886	4
2865	3
4458	1
1694	7
4116	1
5117	1
1460	5
4179	2
4852	2
1472	2
4729	4
1480	4
1483	1
1484	2
5889	4
3705	1
1970	2
4229	8
2627	1
5801	4
5058	1
3676	2
1676	2
3992	1
4770	3
3006	6
5004	2
4948	1
5371	1
5557	3
4160	1
5927	1
4259	1
1774	4
1544	1
4490	3
2220	1
2340	1
2536	5
2621	2
2296	4
3187	3
1560	1
1881	7
4574	1
4874	1
4904	1
1579	2
5635	1
2311	3
3441	2
5113	5
4364	1
4186	1
5192	4
3197	1
1606	3
3515	2
4799	2
2193	1
2372	3
2779	3
5666	1
5510	2
5064	1
3806	5
4040	4
2308	3
3070	3
1665	1
3078	4
2776	2
3844	1
2495	1
5333	2
4280	2
4690	2
3975	3
4053	1
5619	4
5929	1
3032	2
3143	2
1710	3
2505	1
1808	3
5515	1
1716	2
1895	2
2502	2
1718	3
5352	1
5570	4
5098	1
4329	1
1743	1
5810	1
5440	4
5894	2
3012	1
4899	3
3279	3
3284	4
1763	1
3795	2
4366	2
2439	1
2175	2
1777	2
5606	3
1781	1
2357	2
5808	2
5420	3
3267	1
2430	2
2960	1
3879	2
2924	1
4891	2
1819	1
4113	3
1821	1
5806	1
3002	4
1837	1
2248	3
2313	2
1870	2
1859	1
2113	1
3893	1
2661	1
1874	1
4576	3
5271	3
3461	2
4682	3
5523	1
4991	1
4246	2
5372	1
5390	3
2275	4
3074	2
5429	2
5481	1
3513	2
4389	1
1950	1
2020	1
4556	1
5138	2
3245	1
2237	2
4843	3
4428	2
1987	1
1991	3
1997	1
3422	1
3628	1
4138	2
5353	1
2858	3
5092	2
3362	2
2030	1
3944	3
2041	1
2309	1
2847	1
2050	1
3189	3
2059	1
5518	6
2123	2
2702	3
3321	4
2209	2
5349	3
2531	2
5667	1
5122	1
3590	1
5029	1
5754	4
2127	1
2185	1
2131	1
5170	2
2135	2
3042	5
3820	1
2191	1
5046	1
5464	1
4162	1
2225	1
5533	3
2231	1
2393	1
3353	1
3650	1
2249	5
2258	1
4785	3
2274	1
2282	1
2475	1
2888	2
2854	1
3444	1
3047	2
2351	1
2352	2
5925	2
3004	5
2524	1
4536	3
2368	2
4579	1
2375	6
5491	2
2383	1
5036	1
3431	1
2396	1
4697	1
4013	2
4857	1
2409	1
3785	1
2443	1
5191	1
5027	2
2463	1
2488	1
2499	1
5312	1
2509	1
2525	1
3000	1
2598	1
3989	1
4382	1
2828	2
2619	2
3536	1
5236	1
4738	1
2673	1
5011	1
3082	1
2693	1
5437	1
2697	1
4105	1
4837	1
3560	1
2767	1
2794	1
2801	3
4265	1
4849	2
3956	1
2895	1
5857	1
3430	1
4317	1
2874	1
5346	5
3108	1
3671	1
2953	2
2977	1
4217	1
5014	2
3599	2
2989	1
2992	2
2995	1
3007	1
5495	2
5079	1
5792	1
5487	1
3057	1
3075	1
3093	2
3750	1
4909	1
5661	1
4106	1
3146	1
3147	1
4723	1
3164	1
3770	1
4479	1
3216	1
5245	1
3287	1
4088	3
3620	2
3421	2
5461	2
4762	1
3613	1
5478	1
3636	1
5875	1
3726	1
5486	1
5906	1
3673	1
4239	1
3751	1
5753	1
3929	1
4225	1
5292	1
4277	1
4301	1
4319	1
5602	1
4522	1
4687	1
4726	1
5070	1
4999	1
4937	1
5100	1
5034	1
5996	1
5859	1
5405	1
5728	1
5901	1
5586	1
5884	2
5711	1
