node	kcore
0	3
694	3
786	3
1875	2
5795	3
5860	1
5983	1
2013	3
4477	3
977	3
1047	3
3269	3
4135	3
5008	3
1757	3
2324	3
2705	3
4385	3
4793	3
5776	3
1	2
5558	3
5568	3
3635	3
3855	3
4510	3
5366	3
5471	3
994	2
2354	3
3800	2
2	3
2001	3
3816	3
5682	2
2069	3
3791	3
358	3
907	3
1064	3
1308	3
4712	3
5361	3
5634	3
5773	3
1098	3
2335	3
3875	3
5232	3
3	1
4761	2
5998	3
4	1
159	1
715	3
5306	3
5624	2
5	3
1268	3
3173	3
5496	3
101	3
666	2
736	3
2025	2
2364	3
787	3
4781	3
686	3
3911	3
38	2
284	1
997	2
1519	3
2043	3
2821	3
2886	2
6	3
823	3
1172	3
3773	3
2648	3
3334	3
5460	3
438	3
733	2
1170	3
1228	3
1890	3
4706	3
4746	3
5153	3
1388	3
3224	3
5209	3
5316	3
5779	3
443	3
1352	3
3020	3
3122	2
102	3
178	3
662	3
3528	3
2072	2
3084	2
7	3
4371	2
388	3
614	3
5157	3
21	3
2374	2
4077	3
241	2
4614	3
1973	3
2165	3
1244	3
1984	3
2710	3
4939	3
5010	3
967	3
1485	3
1831	3
3319	3
4612	3
4972	3
82	3
993	3
4150	2
8	3
4663	2
493	2
1056	3
1208	3
2574	3
5946	2
568	3
972	3
2353	3
2764	3
234	2
327	3
4666	3
5960	3
5979	3
3003	3
5723	3
34	3
314	2
1553	3
3833	3
5970	2
273	3
982	3
1969	3
3337	3
3828	3
872	3
1004	3
2999	3
5584	3
1910	3
3666	3
4327	3
1122	3
2830	3
9	2
4194	2
503	3
1115	2
1908	2
2563	3
3413	3
992	3
5456	3
2108	3
10	2
2136	3
2947	1
4084	3
5404	3
2688	3
3688	3
3869	3
4842	3
4926	3
542	2
598	3
886	3
1445	2
4954	3
5169	3
5256	3
5969	2
11	3
649	2
826	3
4564	3
2873	3
5872	3
5596	3
602	3
2148	3
2384	3
3145	3
5107	3
5603	3
394	3
4261	3
5664	3
5926	3
2485	2
2720	2
564	2
781	3
1158	3
3304	2
4271	3
4632	2
5326	3
12	3
1450	3
3425	3
5156	2
5572	2
164	3
1310	3
2613	3
2840	3
461	3
1939	3
3039	3
5356	3
1836	3
3557	2
5360	3
3011	2
3949	3
5700	3
2894	3
2942	3
1132	3
4415	3
1962	3
2182	3
4082	3
4928	2
5621	2
13	3
4104	3
5320	3
943	3
3526	3
5943	3
2567	3
4569	3
1440	3
3690	3
947	3
3759	3
5425	3
14	3
661	3
5388	3
5637	3
1904	3
2827	3
5691	3
98	3
2875	3
3863	3
5502	3
2713	3
5947	3
1782	3
4165	3
4927	3
302	3
1251	3
1744	3
2234	3
4495	1
5400	3
2156	3
3852	3
15	3
638	3
3109	3
3954	3
5696	3
1066	3
1136	3
920	3
1125	3
4540	3
4551	3
1982	3
4200	3
5574	3
801	3
2791	2
3059	3
3339	2
4158	2
5607	3
5791	3
1217	3
798	3
4298	3
1455	3
2270	3
4156	3
16	3
1845	3
2529	3
2671	3
3753	3
2878	3
3772	3
4822	3
5559	3
591	3
605	3
906	3
2035	3
3851	3
4009	1
585	3
2017	3
3281	3
4004	3
410	3
1592	3
3138	2
3514	3
930	3
974	3
1232	3
4967	3
3065	2
4166	2
5160	3
5284	3
525	3
1617	3
3355	3
1989	3
3207	3
5788	3
17	3
1399	3
1543	3
1746	3
4754	3
270	2
1204	2
1219	3
5877	3
1033	3
1321	3
2406	2
3478	3
2733	3
2887	3
3529	3
2647	3
3442	3
4483	3
5576	3
18	3
2068	3
3817	3
5005	3
5019	3
5217	3
287	3
2015	3
4685	2
5873	3
1595	2
3420	3
3935	3
4081	3
5537	3
5672	3
1206	3
1817	3
2805	3
2991	3
3868	3
27	3
133	3
4092	3
879	3
2292	3
3858	3
4693	3
4866	3
5665	3
482	1
2230	3
4830	3
511	3
19	2
526	2
3644	3
4500	3
149	2
643	2
3426	3
3978	2
573	3
1035	3
4634	2
509	3
1650	3
4075	2
5741	3
20	2
229	3
2196	3
3043	3
3783	3
5323	3
1179	3
1634	3
1735	3
4224	3
5031	3
545	3
576	2
1906	3
3669	2
1481	2
3723	3
5886	2
401	3
1502	3
2911	3
3104	3
3440	3
3930	3
1055	3
1166	3
2204	3
2629	2
2634	3
2672	3
2978	3
3112	2
3762	3
3998	3
5731	2
1721	3
1754	3
4941	3
2117	3
5213	3
3864	3
4533	3
4933	3
570	3
1683	3
3021	1
5200	3
665	3
885	3
4659	3
22	3
1809	3
2646	3
3242	3
3961	3
953	3
140	3
2679	3
647	3
2944	3
3519	3
1335	3
3720	3
1048	3
4902	3
3780	3
1015	3
5649	3
2462	3
3670	2
3883	3
3942	3
4282	3
4372	3
23	3
4287	3
1513	3
3615	3
2852	2
3554	3
3680	2
4089	3
4226	3
4487	3
3336	3
4492	3
4763	3
4771	3
5982	3
634	3
3277	3
4728	3
1264	3
2579	3
5762	3
24	3
725	3
2797	2
4758	3
4813	2
518	3
3149	3
3449	3
4748	3
5640	3
142	3
2491	3
2609	3
3779	2
5830	2
1913	3
2696	3
3291	3
4454	3
1376	3
3489	2
5281	1
3455	3
297	3
1695	3
2343	3
2417	2
3394	3
25	3
469	3
3997	3
4901	3
332	3
1278	3
2534	3
4407	3
5542	3
639	3
648	3
652	2
5343	3
5362	3
5699	3
5469	3
5614	3
3768	3
4698	3
5742	3
829	3
1286	3
3919	3
4321	2
516	3
2546	3
5173	3
328	3
463	3
990	3
4144	3
4986	3
5578	3
5748	3
832	3
2440	3
5675	3
329	3
26	3
1339	3
4691	3
1661	3
2379	3
3217	3
3731	3
230	3
1903	3
4132	3
5053	3
5745	3
5923	3
3283	3
4362	3
349	2
2540	3
800	2
1214	2
2927	3
3619	3
4896	3
2272	2
4054	2
4449	3
2845	3
4045	3
1324	3
2761	3
3041	3
5450	3
186	3
3789	3
4493	3
1435	3
1788	3
2512	3
1045	3
4228	3
1967	3
2516	3
3776	3
4702	3
1974	3
3357	3
3674	2
4349	3
3597	3
3717	3
28	1
2616	3
5216	3
29	3
2836	2
5793	3
887	3
2227	3
3724	3
313	3
1960	3
2851	3
5686	3
1034	3
5538	3
1073	3
1747	3
4384	3
30	3
285	3
3576	3
3645	3
381	3
2008	3
4420	3
5303	3
734	3
3764	3
1291	3
2564	3
2757	1
4437	3
5060	3
114	3
5166	3
206	1
213	3
1091	3
1345	2
1899	1
3101	3
31	2
3168	2
3468	3
310	3
456	3
1675	2
2444	3
2459	3
3170	2
3594	3
32	3
5716	3
5722	3
399	3
1023	1
2366	3
2966	3
4290	3
5204	1
5737	3
663	3
4886	3
5937	3
987	3
2012	3
2331	2
3511	3
4688	3
3882	3
738	3
1448	2
3201	3
5128	2
5355	3
157	3
2125	3
2610	2
2663	3
5885	3
33	2
551	3
2640	2
4097	3
4790	3
5152	3
4068	3
3228	3
211	3
2857	3
5493	3
434	3
4468	3
4922	1
247	1
631	1
1765	1
5040	3
35	2
702	3
883	3
1844	3
2228	3
3361	2
36	3
3533	3
5329	2
4796	3
5210	3
3099	2
3786	3
2327	3
4005	3
5084	1
5708	3
2455	3
2514	3
4393	3
4664	3
143	3
3739	3
3886	3
4444	3
2213	3
4204	3
5358	3
5006	3
5226	3
5941	3
1478	3
1645	3
2367	3
3194	3
3280	2
5866	3
3160	3
37	1
227	3
485	3
1491	2
2701	3
185	3
439	3
869	3
1897	3
4807	3
39	2
41	3
768	3
5652	2
1120	3
1238	1
1674	3
4880	3
5235	2
5543	3
173	3
395	3
4733	3
4827	3
5654	3
935	3
2433	3
40	2
168	3
3575	2
3646	2
1044	3
2735	2
4001	3
4305	3
1188	3
3368	3
5732	2
1547	3
1762	3
3186	3
3221	3
3633	2
5668	3
224	3
2022	3
2916	3
4641	3
4795	3
2078	3
3850	3
4087	3
1183	2
2281	3
2363	2
915	3
3220	3
3987	3
5498	3
4608	3
42	1
3777	3
4388	3
43	3
1589	3
2777	3
5749	3
5803	3
4968	3
5114	2
5815	3
1783	3
3546	3
3909	3
3150	3
4079	3
5104	2
5331	3
910	3
1531	3
1992	3
2976	3
3265	3
44	2
1392	3
2420	3
5817	2
1948	1
3763	3
4096	3
5862	3
963	3
1338	3
45	2
293	3
486	1
1923	3
4863	3
5002	3
5451	1
1941	3
3392	3
5910	2
1727	3
2706	3
3119	3
3345	3
46	3
2855	3
3714	1
4206	3
692	2
1077	3
2190	3
2521	3
3681	3
3819	3
4532	3
5250	2
5768	3
854	3
2003	3
2600	2
3744	2
4597	3
5056	3
859	3
4147	3
47	2
2273	3
2333	2
1180	3
1975	3
1998	3
48	3
513	3
1562	2
2348	3
3502	3
3898	3
210	3
4267	3
1301	3
1857	3
475	3
1002	3
2809	2
3347	3
4099	2
1541	3
116	3
1893	3
3687	3
793	3
1401	2
3268	3
3638	2
2161	3
5324	3
3322	3
445	3
1117	3
49	3
817	3
1328	3
1884	3
3960	3
5738	3
4330	3
5992	3
4085	3
4760	3
1216	3
2088	3
5681	3
209	2
1516	3
4598	3
4994	3
5849	3
50	3
3296	3
5243	3
5669	3
561	1
1193	3
1509	3
1863	1
3371	3
3580	3
51	1
3737	3
5907	3
52	3
2268	2
2389	2
2390	3
2481	3
1780	3
3299	3
4108	2
4399	2
4412	3
5344	1
2303	2
2508	2
3300	3
4233	2
5577	3
5589	3
1081	3
2197	3
3235	3
5132	3
5851	3
2360	3
3383	3
4591	3
53	3
5097	3
2240	2
2316	3
4142	3
5562	3
955	3
2819	2
3389	3
3867	3
626	3
1384	3
2116	3
223	3
2813	3
3606	3
3968	3
333	3
2294	3
2715	3
4281	3
1833	2
2949	3
3263	2
4740	2
54	1
2042	3
4178	3
5592	3
5746	2
5818	2
55	3
592	3
1686	1
2086	3
5540	3
4065	3
1397	3
2880	3
3803	3
3917	3
2299	3
2365	3
4595	3
5522	3
56	3
870	3
3379	3
3582	3
5648	3
2859	3
4066	3
4251	3
4586	3
2318	3
3678	1
2641	2
2687	3
57	2
85	2
718	3
2722	3
1026	3
3306	3
4457	3
2039	3
2387	3
3708	3
4350	3
5638	3
68	3
2552	2
58	3
307	3
4547	2
5826	3
2244	3
3797	3
1736	2
2904	2
3382	3
5953	3
924	3
1097	3
2901	3
344	3
704	3
2162	3
4063	3
4289	3
4394	3
5345	3
5389	3
1340	3
4456	3
5612	3
1631	2
1671	3
2214	3
59	3
610	2
716	3
2503	3
3327	3
4313	3
540	3
3765	2
4176	2
5082	3
2045	2
2981	3
5842	3
1482	3
4145	3
3460	3
4497	3
5112	1
5436	3
2795	3
3692	3
3733	1
625	3
690	3
3423	2
4016	3
5623	2
5725	3
3288	3
60	3
3385	3
3415	3
3231	3
1647	3
2680	3
3947	3
4596	3
4860	3
4955	3
5197	3
1978	3
4527	3
524	3
732	3
2338	3
950	3
1508	3
5813	2
61	3
1164	2
2862	3
4713	3
5995	3
1079	3
1334	3
1687	3
2782	3
3849	3
5215	3
560	3
1366	3
3325	3
4073	3
3396	3
62	2
4276	3
1400	3
3308	1
4488	3
63	3
1187	3
4507	3
5790	3
4935	3
1005	3
238	3
1425	3
2984	3
3014	3
2322	3
3438	3
1709	3
2170	1
2742	2
3453	1
4042	3
5764	3
500	3
2183	3
2698	3
4211	3
4719	3
4759	3
1651	3
558	3
1924	3
5091	2
64	2
577	3
609	3
65	3
2060	3
2841	3
3988	3
449	2
3034	3
3360	3
4764	3
1076	3
1799	3
3938	2
5171	3
5332	3
892	3
958	3
2140	3
616	3
4881	3
5426	3
2155	3
1689	3
3301	3
5683	3
2899	3
5434	3
1554	3
4273	2
66	3
1500	3
2838	3
4913	3
305	3
1940	3
74	3
163	2
1752	3
3009	3
4718	3
4823	3
5627	2
67	2
2090	3
2868	3
4133	2
740	3
398	2
1696	3
2929	3
4101	2
4155	2
1242	2
2386	3
4836	3
5295	2
1451	3
5182	3
1062	3
4676	3
111	3
450	3
4717	3
5296	3
69	3
4680	1
5237	3
311	3
1443	2
4139	3
4343	3
5149	3
3049	3
1666	3
2494	3
4446	3
2346	3
3315	3
5327	3
3631	3
2789	3
3585	3
5035	3
3897	2
4129	3
5142	3
5674	1
5828	3
70	2
92	3
1336	3
1607	2
2212	3
3941	3
4575	2
4930	3
4867	2
71	3
926	3
938	3
1818	3
4421	3
4552	3
5369	3
5424	3
4515	3
4868	3
72	2
3148	3
5325	3
5961	3
636	1
5445	2
1638	3
1722	3
5930	1
73	3
122	3
243	3
1022	3
1851	3
2233	3
3106	3
5871	3
1061	3
1618	3
3861	3
603	3
3735	3
5392	3
828	3
2964	3
409	3
2775	3
3285	3
5905	3
5950	3
2988	3
3811	3
4418	1
5595	3
5625	3
890	3
3387	3
4743	3
5544	3
5994	3
75	3
597	3
1184	1
676	3
1761	3
5964	3
2081	3
563	3
1153	3
1361	3
2301	3
4090	3
785	2
2602	3
483	3
1226	3
2972	3
1528	2
1768	3
2708	3
2824	3
1222	3
5147	3
681	3
1556	3
4336	3
76	3
3464	3
4240	3
1142	3
2718	3
3553	3
362	3
973	3
476	3
2513	3
3757	3
5549	3
707	3
80	3
174	3
393	1
2517	1
3298	3
2082	3
4072	3
335	3
5582	3
77	3
590	3
2773	3
255	3
1297	3
3403	3
4046	2
2280	3
78	3
1205	3
3128	3
4503	3
4675	2
5099	3
382	3
739	3
1931	3
3654	2
4531	3
342	3
1320	3
2871	3
2906	3
5188	3
1343	2
2428	2
3202	3
1422	2
79	3
4441	2
4494	3
5869	2
1294	3
2763	3
3499	3
4628	3
2611	3
2829	3
3261	3
4615	3
4136	3
5651	3
4036	3
5336	3
1633	3
4380	3
5309	3
1919	3
4157	3
5781	3
2571	2
4318	3
4292	3
5240	3
1715	3
2826	2
5338	2
5883	2
81	3
3841	3
4787	3
5062	3
680	3
1346	3
1499	3
1583	3
2130	3
154	3
2476	3
4878	3
754	3
2194	3
782	2
2334	3
4973	1
350	3
1664	3
4461	3
5591	3
867	3
1148	3
1284	3
1563	3
2010	3
1604	3
2018	3
2328	3
812	3
1953	2
2341	3
3640	3
83	3
1039	3
5823	2
161	3
604	3
3741	3
3959	3
84	3
683	3
986	3
4340	3
810	3
1103	2
2403	3
3905	3
2721	3
1630	3
2187	3
2723	3
3329	3
4119	3
279	2
2815	2
1832	3
5443	3
4683	3
3544	3
581	3
2936	3
4151	3
4920	2
5395	2
5933	3
579	3
4429	2
4779	3
4832	1
245	1
2765	3
3407	3
4982	3
1354	3
2484	1
5545	3
86	2
1515	3
4600	1
4806	1
839	3
4346	3
1186	3
2319	3
3569	2
4921	3
5178	3
5396	3
87	3
1027	3
3829	3
5915	2
4392	3
4398	3
4725	3
88	2
637	3
1488	3
2253	3
5561	3
5571	2
5903	3
1653	3
89	1
90	2
1957	3
2644	3
3069	2
4520	3
5565	3
91	2
404	3
3927	3
4027	2
5187	3
455	3
2247	2
5285	3
1966	3
2604	3
2982	3
5095	3
778	3
1360	3
1867	3
2471	3
2570	3
5279	3
2021	3
4169	2
1133	2
4433	3
1670	3
1849	3
4844	3
5454	2
3028	3
5452	3
2870	3
4929	3
93	3
861	1
2451	3
3278	3
3955	1
5527	3
5015	3
1317	3
422	3
464	3
2215	3
3332	3
5427	3
2753	3
4455	3
4969	3
1922	2
3996	3
4060	3
5959	3
4699	3
4804	3
202	3
1615	3
3434	3
4721	3
105	1
1787	3
1926	3
3087	1
3809	2
94	3
678	2
4035	2
5021	3
5477	3
1253	3
5310	3
1487	3
5997	1
1575	3
4159	3
2468	3
3459	3
5643	3
5945	3
4216	3
4694	3
719	3
830	3
2951	2
4422	2
3716	3
95	3
762	3
1190	3
2974	3
3903	3
1985	3
2747	3
3237	3
1711	3
2073	3
2186	3
3158	3
96	3
1085	3
4651	3
632	3
729	3
921	3
3402	3
2975	3
763	3
940	3
1469	3
5266	3
3766	3
1167	3
3649	3
4062	2
97	3
1937	3
4404	3
1524	3
3095	3
3374	3
4990	3
1274	3
1616	2
1805	3
3691	3
5971	3
257	3
472	3
700	3
2709	3
4056	3
277	3
3302	3
5144	3
1139	3
1182	3
2745	3
99	3
988	2
4050	3
4529	3
5231	2
1408	3
4041	2
4196	3
4368	3
4808	3
5553	3
2676	3
3593	3
5685	3
2077	3
3417	3
5836	3
1052	3
5283	2
5315	3
100	3
2682	3
5206	3
667	3
1418	2
3524	3
942	3
2867	3
3222	2
4643	3
4778	3
5394	3
2588	3
1464	3
856	1
3297	2
4445	3
4814	3
112	3
1431	3
5758	3
821	3
1121	3
4279	3
4023	3
1075	2
3699	2
3538	3
3665	3
711	2
865	3
2941	2
3951	3
4222	3
4606	3
4826	3
4231	3
2239	3
3155	3
4554	3
1099	3
2286	3
4784	3
103	3
2658	3
5989	3
789	3
4284	3
4430	2
5115	3
5410	3
612	3
2656	2
5286	2
5736	2
121	3
194	3
698	3
1110	3
1605	3
4140	3
4798	3
261	3
1587	3
3344	2
3419	2
4328	3
104	3
3055	3
2945	2
3058	3
3223	1
3350	3
5321	3
2832	3
3622	3
3686	3
1382	3
5319	3
4577	3
5016	3
3587	3
843	3
3608	3
3948	3
233	3
5418	3
5965	2
106	3
5125	3
2079	3
3457	3
5687	3
5127	3
2877	3
107	1
3229	3
3747	3
4223	3
108	1
369	3
5864	3
109	3
4772	3
5528	3
465	3
3660	3
3799	3
5747	2
2048	2
2128	3
3999	3
221	3
2510	3
2834	2
3658	3
110	3
2029	3
2447	3
3627	3
4618	3
3616	3
710	3
4248	3
5137	3
5807	3
4607	3
699	3
1426	3
4122	3
259	3
276	3
2027	3
757	3
2076	3
5506	3
1370	3
3958	3
948	1
5770	3
3836	2
769	3
5214	2
5564	3
1009	3
673	3
1329	3
3639	3
5076	3
5161	2
5439	3
3697	3
578	2
1814	2
1858	3
2548	3
3037	3
3707	3
5066	3
1813	3
2652	3
3500	3
4017	3
1698	2
1891	3
5044	2
5733	3
113	3
709	3
5920	3
696	3
1311	2
1057	3
2839	3
2844	3
3233	3
4884	2
5350	3
4244	3
755	2
3052	3
4439	3
697	3
1800	3
2445	3
4916	3
1750	3
2336	3
1972	3
2642	3
5463	3
115	3
985	3
3373	3
3603	3
4359	3
2712	3
3972	3
4696	3
231	3
656	3
2606	3
4519	3
4070	3
5254	3
5442	3
2332	2
3083	3
220	3
635	3
1753	2
5684	3
2325	3
3856	3
1548	3
117	2
807	3
2380	2
5689	2
1946	2
2004	3
2453	3
3624	3
4190	2
4783	2
4537	2
4635	3
4845	3
1119	2
1986	3
118	2
520	3
4026	3
119	3
2532	1
4817	3
2202	3
4720	3
5145	3
218	3
5267	2
4192	3
120	3
1751	3
4335	3
429	2
5272	3
5448	1
2065	2
2578	3
3331	3
4602	3
1282	3
1641	3
4499	3
5257	3
1529	3
3667	3
216	3
1105	3
1129	3
1737	3
2806	3
3728	3
868	3
1130	3
1834	3
2456	3
280	3
2315	3
2470	3
2537	2
1050	3
1861	2
2033	3
4080	2
5179	3
123	3
3804	3
5103	3
3483	2
4285	3
5525	3
3015	3
1879	3
4708	3
1590	3
3264	3
4791	3
4882	3
962	1
1315	3
2184	3
2790	3
4235	3
5140	2
1637	3
4850	3
1252	2
1511	3
2770	2
4506	3
5274	3
306	3
144	3
1016	3
1655	3
4855	3
124	1
400	3
1279	3
2843	1
3862	3
4243	3
5987	3
125	3
1165	3
2096	1
679	3
3172	3
1114	3
2179	2
2694	2
3088	3
1071	3
4067	3
5293	3
1892	3
3405	3
5054	3
650	3
1018	3
2132	2
5067	2
5304	1
126	3
2683	2
4397	3
5111	3
2188	3
723	3
2556	3
2660	3
5904	3
2872	3
3250	3
2618	3
3827	3
127	1
3369	3
128	3
3995	3
5848	3
3812	3
2465	3
1144	3
2500	3
3509	2
4152	3
5055	3
5165	3
484	3
531	3
2056	3
129	3
617	3
3195	3
4303	3
3341	2
130	2
4782	3
5690	3
1907	3
2070	2
4230	3
131	3
477	3
919	3
1387	3
1778	3
1980	3
3050	3
4538	3
2635	3
4121	3
4924	3
4919	3
5993	3
1506	3
2557	3
1492	3
1545	3
2371	3
3664	3
2678	3
132	3
4573	3
4995	3
3932	2
2300	3
4958	3
5735	3
831	3
1108	3
5868	3
2800	3
5659	3
387	3
750	2
3067	3
3926	2
5057	2
4117	3
640	3
3551	3
3701	3
5318	3
2321	3
4768	3
4895	3
5898	3
134	2
4900	3
5289	3
1107	3
5599	1
135	2
2436	3
996	3
1154	2
267	3
838	3
1051	3
3282	2
3921	3
5811	3
844	3
1585	3
5168	3
5470	2
4039	3
136	3
423	3
1365	3
1505	3
3488	3
3311	3
4311	3
4903	3
5718	2
3939	1
4028	1
5444	3
2323	3
2134	3
5167	3
3508	3
3792	3
137	3
4524	3
5940	3
5978	2
215	3
3950	3
3655	3
5373	2
5679	3
4511	3
4951	2
5377	2
138	2
508	3
3089	3
3414	3
3842	3
4032	2
139	3
774	3
177	3
411	3
1598	3
372	3
5698	3
1559	3
3354	3
4209	3
3966	3
1900	3
3439	3
3531	3
5695	3
1882	2
4966	3
1168	3
3157	3
4242	3
5626	3
371	3
536	3
4440	3
5519	3
162	3
2358	2
1406	3
584	3
1542	2
3133	3
3471	3
141	2
620	2
3183	3
4120	1
1141	2
928	2
1063	3
4170	3
991	3
1582	2
2959	3
1377	3
3191	3
3572	3
3410	3
4268	3
2538	3
2952	2
4370	3
4821	3
1347	3
2631	3
2662	3
1466	1
3433	3
5761	3
805	3
3738	3
895	3
3056	3
3127	3
3732	3
1162	2
2246	3
145	3
1283	3
4413	3
3463	3
1612	3
5455	3
4484	3
5780	3
2064	3
5670	3
430	2
1723	2
3255	3
2711	3
3610	3
146	1
797	2
5249	2
5863	3
147	3
3743	3
4658	3
5227	2
569	3
1350	3
1420	3
2051	3
2630	3
5892	3
498	3
2903	3
148	1
3031	3
150	3
4183	2
1573	2
2915	2
4167	3
1551	2
2356	3
5302	3
999	3
814	3
4997	3
151	3
1369	3
3752	2
1225	3
3933	3
1257	3
2603	3
1632	3
674	3
731	3
2229	3
2961	3
152	1
357	1
1855	3
4732	3
153	2
1449	3
1843	3
4128	3
1020	3
1371	3
2419	3
5069	3
3167	3
4711	3
3596	3
4892	3
1564	3
3718	3
3985	3
4620	3
1835	2
5703	3
5999	3
155	3
848	3
1298	3
2986	2
4609	3
5693	3
1474	3
4638	3
4737	3
208	3
2071	3
565	3
5759	3
2142	3
2535	2
156	3
490	3
3139	3
457	3
1769	3
629	1
871	3
1211	3
4486	3
4911	3
5774	3
4645	2
1668	3
1652	3
2410	3
2199	3
2457	2
4410	2
2504	3
3794	3
4337	3
5393	3
5620	3
158	1
1010	3
356	2
4221	3
5071	3
5375	3
160	2
5078	3
1218	2
2685	3
5313	3
4496	3
4585	2
5513	2
417	3
1852	3
2144	3
2289	3
3677	3
1697	3
2210	3
4650	3
4907	3
2817	3
3931	3
4351	2
4373	3
2614	3
4299	3
5399	1
5334	2
627	3
816	3
3830	3
4443	3
5789	3
330	3
717	3
3602	3
2605	3
2218	3
2577	3
5299	3
165	3
452	3
4616	3
4626	3
225	3
375	3
1971	3
3913	3
3198	3
5247	2
3517	3
4859	3
2796	3
5524	3
3604	3
166	3
1241	3
971	3
1223	3
1741	2
4208	2
4535	2
2129	3
5248	2
5119	3
2689	3
4548	3
5712	3
167	3
1348	2
1456	2
3632	3
4436	3
4701	3
1025	3
3563	3
4949	3
1776	3
3600	2
2306	3
5819	3
653	3
889	3
2799	3
169	3
2473	3
5535	3
1609	2
2549	3
3880	2
5893	3
1357	3
3452	3
3934	3
2147	3
3077	1
3134	2
3487	3
3837	3
5339	3
170	3
2781	3
5631	3
546	3
794	3
5074	3
5261	3
2624	3
3506	3
5841	3
5879	3
2596	3
418	3
1267	2
3525	2
5673	2
2265	3
5135	1
5154	3
295	3
1887	3
5106	3
5822	3
171	2
3276	3
5194	3
368	3
2023	3
2533	3
4390	2
491	2
1646	3
3163	3
3443	2
4131	2
172	1
4521	1
654	3
5480	3
2527	3
3356	3
4633	3
5702	3
1942	3
961	3
1344	3
3338	3
5581	3
5917	3
3727	2
5715	3
3064	3
5422	3
2956	3
3698	3
175	3
4374	3
1454	3
3881	3
176	3
507	3
3565	3
3293	3
657	1
735	3
2633	1
979	3
5488	3
658	3
256	3
2415	3
2429	2
5007	3
4961	3
5881	3
1663	3
5009	3
2587	3
5212	3
1820	3
3105	3
5364	3
2111	3
2472	3
2180	3
179	3
4741	3
3969	3
4383	3
4816	3
505	1
1479	3
3787	3
1255	3
3214	3
5936	3
180	3
4214	3
4306	3
5977	3
5636	3
4463	3
1161	3
4174	3
5924	3
1444	3
3239	2
3492	3
4610	3
5845	3
3123	3
288	3
4302	3
5766	3
5120	3
181	3
2523	3
2124	3
3548	2
4505	3
5164	3
1237	2
4848	3
618	2
806	3
2412	3
2565	3
1416	3
5273	3
182	2
325	3
1489	3
2150	2
4381	2
1240	2
4887	3
2636	2
3335	3
538	2
3019	2
3976	3
183	3
3475	3
2255	3
2787	3
3607	3
3778	3
4367	3
5783	1
184	1
2441	2
5218	3
316	3
5974	1
804	3
1197	3
3473	3
2241	3
2760	3
741	3
2092	3
825	3
3085	3
3380	3
4124	3
3243	3
713	2
989	2
2109	2
5259	3
2137	3
2928	1
4656	2
187	3
1795	3
2149	3
3539	2
1707	3
5193	3
5594	3
188	3
4480	3
1623	3
1929	3
3963	3
4629	3
4989	3
5414	2
1446	3
1958	3
4570	3
189	3
936	2
2728	2
3121	2
4320	3
4998	3
2914	2
4314	1
5228	3
459	3
4234	3
4256	3
190	1
1471	3
3290	1
4792	3
5944	3
191	1
874	2
911	3
1628	3
3159	3
5378	1
192	3
1086	3
1463	3
2498	2
535	3
3689	3
193	3
1742	3
1116	3
5190	3
236	3
4912	3
2939	3
4000	3
5045	3
1318	3
2342	2
5013	3
4356	2
5159	3
1493	3
1021	3
4877	3
3462	3
5473	3
4071	3
3117	2
833	3
1019	2
1536	3
3115	3
5229	3
1088	2
4580	3
2174	3
2756	3
3555	3
195	3
2802	3
3048	2
3124	3
4127	1
5195	3
835	3
1013	3
1644	1
2157	2
4109	3
5717	1
714	3
1552	3
5163	3
5796	3
2973	3
4943	3
2597	3
5340	3
2437	3
2719	3
2814	3
4365	3
2385	3
3456	3
5077	3
1921	3
196	3
1380	3
3870	3
5379	3
5384	3
5874	3
217	2
3523	3
3910	3
4622	3
5948	2
2208	2
5088	3
1537	3
317	3
3053	3
4102	3
4376	3
3834	3
197	3
351	3
2414	3
3096	3
4888	3
3190	2
4051	3
5740	3
198	3
1249	3
2528	3
3372	3
4485	3
2615	3
2665	3
5856	3
3033	3
2668	3
3887	2
3154	3
544	3
5706	3
4562	3
1577	3
199	3
3895	3
5305	3
4304	3
951	3
5505	3
200	1
212	3
1838	2
4898	3
5802	3
201	1
290	3
1871	3
2355	2
3412	2
4613	3
706	3
4833	3
3137	3
3826	3
4024	3
4853	3
670	3
5458	3
5600	3
203	3
5291	3
1965	3
2100	3
266	3
2912	3
5692	3
204	2
1538	3
1667	3
827	2
2284	1
426	3
3818	2
205	1
207	3
2591	1
5059	3
1826	3
1995	3
5834	3
4137	3
2276	3
2507	3
3573	3
5086	3
4464	3
3126	3
2002	2
3623	3
4247	2
3745	3
391	3
3270	3
2831	2
1569	2
5211	1
1201	2
2483	3
3725	2
5852	3
3736	3
4210	1
4465	3
1798	3
2016	3
2172	3
4504	3
3892	3
2833	3
4977	3
1988	3
5433	2
366	3
1439	3
5380	3
2684	3
4212	3
1936	3
3136	3
5645	3
4794	3
5468	3
5812	3
575	3
1327	3
3634	3
2207	3
1432	3
4534	2
4885	2
5416	3
1389	3
3793	2
2005	3
5177	3
5554	3
5238	3
5432	1
214	3
2432	3
2466	3
3091	3
3821	3
3902	3
4405	2
5550	3
2250	3
3706	2
3756	1
4689	2
5730	2
1374	3
1918	3
4134	3
384	3
2053	3
4756	3
3662	3
5720	3
4727	3
4819	2
5882	3
1996	3
2061	3
4408	3
4549	3
3549	3
3964	3
5397	3
965	2
3675	2
3184	3
2734	3
4322	3
5777	3
5870	3
846	3
3647	3
3611	3
1608	3
1627	3
471	3
1825	3
3583	3
1954	3
2784	3
3030	3
4466	2
5225	3
2254	3
5976	3
219	2
954	2
851	3
1539	3
2717	3
2883	3
691	3
1959	2
3320	2
2257	3
5297	3
5704	3
2881	3
3390	3
4624	3
1030	1
1534	2
4153	1
340	3
1316	3
1792	3
2575	2
222	2
3825	1
4431	3
5110	3
1860	3
2221	3
2261	3
642	2
2666	3
3349	3
3448	2
4679	3
601	3
3348	3
1247	3
2910	3
5175	3
4674	2
5265	3
3305	3
380	3
1246	3
1594	3
3873	2
5080	2
5755	3
4568	3
5300	3
4601	3
2398	2
1497	3
5116	2
5613	3
5865	2
5403	1
5804	2
5913	1
1626	3
3761	3
3625	3
3200	3
4141	2
318	3
983	3
4692	2
226	3
2729	3
1351	3
1042	1
3246	1
5921	3
5980	3
360	3
956	3
3822	2
343	2
1901	2
4831	3
265	3
1701	3
1415	3
1603	3
2751	3
3408	2
5729	3
803	3
824	3
4332	3
2921	3
3238	1
3359	1
3801	3
1424	2
1739	3
1994	3
1593	3
3307	3
228	3
884	3
1613	3
4870	3
5821	3
1527	2
1785	3
4678	3
1280	2
4270	3
1080	3
1624	3
3363	3
5494	3
1157	3
1262	3
619	3
1507	3
2304	3
2866	3
5246	3
2373	3
488	2
644	2
1822	3
3986	2
4631	3
232	1
5065	3
5855	3
1475	3
5900	3
5832	3
235	3
672	3
1437	3
1766	3
2730	3
3289	1
4326	3
3234	2
5847	3
2554	3
2762	3
1610	3
237	1
3174	3
2493	3
5829	1
745	2
2551	1
4448	3
5609	3
1621	3
4180	3
239	2
3447	3
3715	2
3980	2
240	3
1944	3
2626	3
2788	3
671	3
5012	3
1806	2
2649	3
5376	3
5382	2
315	3
363	3
367	2
3601	3
3702	2
3682	3
5986	3
2223	3
4095	3
2011	2
3485	2
242	3
3758	2
860	3
1196	3
4451	3
5428	2
1221	3
2889	3
4378	3
319	3
4360	3
5579	3
5955	3
2890	3
3516	3
3906	3
5363	3
5876	2
5938	2
1111	3
5984	3
1496	3
3595	2
5134	2
3286	2
244	3
1540	3
5000	3
1673	3
3967	3
5484	3
2381	3
5385	3
1824	3
5757	3
246	1
2490	3
248	2
359	3
1319	3
4459	2
4654	3
249	1
1581	3
4530	1
4592	2
5258	3
250	2
2154	3
2312	3
5853	3
251	3
761	2
2317	1
541	3
2101	3
3114	2
370	3
1557	3
4945	3
932	3
550	3
4489	3
5307	3
600	3
777	3
252	3
4858	3
3393	3
1155	3
2674	3
5073	3
253	2
1898	3
3429	2
3802	3
5482	2
5041	2
300	2
254	3
2594	3
664	3
3013	3
4353	3
2000	3
2727	2
3865	3
914	3
970	3
5835	3
4993	3
1272	3
2400	3
4029	3
4776	3
5357	3
1802	2
3292	3
5423	2
552	3
1093	3
3196	3
3922	3
659	3
2166	3
3092	3
3295	3
3994	3
5785	3
2909	3
3923	3
1512	3
1934	3
4083	3
559	2
3330	3
4908	3
5919	1
4391	3
4334	3
4513	3
3552	3
258	3
3274	3
2330	3
845	3
975	3
4047	1
3156	2
2700	3
5317	1
2408	3
3577	3
444	3
1266	3
260	2
3240	1
4300	3
5880	2
4057	2
4553	3
5922	3
902	3
2256	3
3609	3
766	3
1629	3
4020	3
4094	3
262	3
1134	3
2511	3
2997	3
5121	3
3983	3
5597	3
2407	3
3846	3
613	3
655	3
3782	2
263	3
2933	3
4275	2
1894	3
2922	3
3566	3
822	1
264	3
3945	3
5508	2
435	3
1896	3
3026	3
4757	3
3839	3
4716	3
5124	3
2217	3
3176	3
2746	3
4272	3
5617	3
4163	2
4905	2
2115	3
2541	3
5083	3
5094	2
5809	3
3328	2
4801	3
303	3
5896	3
1530	3
1584	3
3080	3
4962	3
1568	3
385	2
1566	2
3025	3
5583	2
668	3
1679	3
2584	3
1258	3
2206	3
3247	3
2740	3
326	3
3807	3
5030	3
331	3
2263	2
3153	2
4773	3
528	3
2958	3
5252	3
268	2
857	3
1362	3
5199	2
630	3
4093	3
4657	3
269	2
1413	3
3090	3
2345	3
4189	3
2980	3
5391	2
271	1
272	3
1915	3
2054	3
4185	3
5678	3
3472	3
2637	3
433	3
4064	3
4049	3
274	2
3027	1
3845	3
5151	3
3044	2
4523	3
5713	3
5677	3
275	3
3130	3
4788	1
373	3
4207	3
4308	1
3866	3
4482	2
1312	2
808	3
2080	2
1356	3
3079	3
4582	2
4647	3
4923	3
5017	3
278	3
903	2
1277	3
1829	3
5421	3
2925	3
3266	2
3813	3
3888	3
1124	3
5025	3
788	2
981	3
1029	3
4811	2
1409	3
2738	3
5539	3
1059	3
281	2
1853	2
3570	3
4648	3
2837	3
5453	3
282	3
5341	3
2691	3
747	3
4660	3
283	3
2650	3
3397	3
5026	3
492	3
3384	3
3621	3
3614	2
4897	1
5727	3
1816	2
1862	3
3808	3
5536	2
3767	3
2075	3
4193	3
2394	3
5462	2
5459	3
3215	3
4427	3
2496	3
5861	3
286	1
3199	3
3840	3
5743	3
4542	2
4942	3
1434	3
4992	3
3068	3
4681	3
4820	3
1126	3
1760	2
2189	3
2930	2
3271	3
1194	3
289	3
1342	3
5407	3
1681	3
3494	3
1597	2
2105	3
4363	3
291	3
4952	3
4965	3
2803	3
3774	3
1749	2
2861	3
292	2
1928	3
4345	3
4894	2
2032	3
3244	2
5033	3
1459	2
4960	2
5342	3
5183	3
298	3
2804	2
3061	3
3537	3
5799	3
294	1
4567	1
1001	3
5628	2
945	2
1465	2
964	3
2006	3
4377	3
4979	3
296	3
880	3
2467	3
2589	3
1185	3
4475	3
3712	3
2307	3
3001	2
3527	2
5129	3
2785	3
2582	3
4661	3
1269	3
790	3
5351	3
5485	3
1916	3
3260	3
5347	3
5656	3
299	2
420	3
4146	2
1363	2
2686	3
3581	3
4627	2
819	1
4361	1
4003	3
5118	3
5831	3
2122	1
301	3
2744	3
5820	3
512	3
3784	3
4751	3
1276	1
2293	3
3860	3
2425	2
4984	3
5207	3
3885	2
3617	3
4745	3
5221	3
1156	2
4043	3
3458	3
4325	3
304	2
5552	1
5641	3
3907	3
1963	3
478	3
4386	3
5472	1
1349	2
1600	3
4750	3
2099	3
3251	3
2544	3
3110	3
588	3
5701	3
2581	2
3484	2
308	3
641	3
5208	2
396	3
751	3
5707	3
346	3
596	2
2163	3
1801	3
309	2
4964	2
1955	3
2034	2
3343	2
1395	3
2681	3
2399	3
2094	3
3404	3
660	3
811	2
2158	3
5417	3
4344	3
3505	3
5653	3
4168	1
1411	3
927	2
1854	3
2601	2
312	2
1643	2
4148	3
4339	2
5223	2
5697	2
4030	3
1305	3
4677	3
1659	3
864	2
4861	1
5150	2
489	1
4498	3
1567	3
2477	3
5680	3
1803	3
5441	2
1078	3
3918	3
5233	3
3427	3
5973	3
376	3
4539	3
5131	3
548	3
514	3
1375	3
1296	2
1905	3
5141	3
3086	3
5587	3
2724	2
2692	3
5075	3
473	3
3571	3
2985	2
5492	2
5660	3
4031	3
4402	3
4940	3
1549	1
320	1
5411	3
321	1
4387	2
322	3
5517	3
2758	3
1423	2
4112	3
2392	3
5838	3
1993	3
5275	3
2482	2
3008	3
4262	3
5580	3
1514	2
4126	3
323	3
5032	3
3132	3
3920	3
324	3
4528	1
5710	3
3040	3
998	3
1040	3
3535	3
1453	2
5162	3
841	3
2879	3
1137	3
876	3
3642	3
2391	1
1730	3
2066	3
3375	3
5176	3
5610	3
5918	3
5244	3
1968	3
1772	3
2145	3
1983	2
2786	3
3180	2
4983	2
1263	3
802	3
3218	3
3760	3
3952	3
834	3
5136	3
4797	3
5605	3
2216	2
2339	3
2593	3
1385	3
3365	3
4642	3
3022	3
3679	3
334	3
1494	2
2055	3
4203	3
2478	3
4219	3
4406	3
5647	3
5975	3
336	3
3100	3
5220	3
2772	3
3550	3
607	3
2716	3
4879	3
2489	3
905	3
3391	3
3073	3
5981	2
337	3
2725	3
5049	2
5902	2
2058	3
2732	3
4594	1
615	3
2469	3
338	3
4467	3
5956	2
1058	3
3118	3
339	3
2397	3
4755	3
815	3
2869	2
5387	3
1192	3
5241	3
354	1
2807	3
4232	2
4395	1
2572	3
3129	3
1082	2
1682	2
1428	3
1883	3
2110	3
3161	3
341	3
5239	3
623	3
5109	3
2126	2
4550	3
1830	3
3254	2
5516	2
480	3
1977	2
2783	3
3672	2
1642	2
4358	1
4565	3
4947	2
3709	2
3937	2
4583	3
2098	3
3838	3
4803	2
345	3
684	3
4238	3
5526	2
5800	2
3051	3
5914	3
467	3
347	3
2506	3
3230	3
5311	2
4873	2
2178	3
2918	3
5928	3
744	3
348	2
2037	2
1373	2
4700	3
4809	3
1725	2
1759	2
5714	3
720	3
1840	2
2835	2
3035	2
1846	3
1273	3
504	1
1041	1
1719	3
1796	3
4100	2
1561	2
2943	3
3342	3
352	2
5270	3
353	1
1586	3
1546	3
5415	1
355	3
1259	3
481	3
1927	3
2926	3
4956	3
3428	2
918	3
1410	2
1842	3
1417	3
2590	3
3116	3
3177	3
5419	3
1074	3
3491	3
1300	3
361	3
2480	3
5474	3
4838	3
1378	3
1072	3
5201	3
5262	3
878	3
4662	3
1390	3
1303	3
2138	1
1405	1
1501	1
1956	1
4557	3
364	2
3742	1
4561	1
3018	3
365	1
4426	3
3754	3
784	1
3309	1
4474	3
5629	2
5786	3
4018	2
3418	2
5521	3
5290	3
1657	3
4665	3
4191	2
5935	3
3598	3
1104	3
2555	2
4375	3
2608	3
2769	2
5867	3
1811	3
5724	3
3984	2
2359	3
4312	2
4555	3
572	2
4695	2
4703	3
2917	3
2919	3
4409	3
5003	3
1602	3
1662	3
3588	3
4526	1
4559	1
5483	3
374	1
392	3
1914	3
5963	3
2940	3
2378	3
4052	3
2226	2
4423	3
5184	3
496	2
5824	3
2009	3
3542	3
4033	3
2458	2
4369	3
2748	3
4472	3
2438	2
3366	3
377	2
4815	3
5158	3
378	2
1685	1
840	3
1770	3
379	1
1476	1
3406	1
4250	3
4310	3
479	3
759	3
5899	3
4810	3
3740	3
2908	3
2937	2
3054	3
4315	1
2932	2
3520	3
4714	3
3831	2
4950	3
3476	3
383	2
1794	3
4715	3
470	2
1391	2
1525	3
432	3
4649	3
4987	2
386	3
408	3
3771	3
4114	3
4996	3
1576	3
3131	2
1947	2
3746	3
682	3
5409	3
669	3
3641	3
1635	3
888	2
1403	2
2971	3
5180	3
389	1
5123	3
390	3
3564	3
1574	3
2211	3
3592	3
4011	3
4278	2
1112	3
4143	3
3316	2
5991	2
1332	3
4865	3
4854	3
495	2
2768	3
2235	2
1260	3
1810	2
2446	3
3482	3
2955	2
5222	1
1729	3
1779	3
633	3
397	3
5968	3
4621	3
5449	3
2427	3
3103	1
3857	1
4767	1
1599	2
1690	3
3696	3
1174	2
3024	3
2963	3
3098	1
4197	3
4403	3
4581	3
621	2
2232	3
2558	2
4254	3
402	3
4149	3
3530	3
403	3
586	3
2882	3
3454	1
1771	2
2269	2
1243	1
1565	3
2074	3
5663	3
3796	2
5833	3
5497	3
4946	3
5043	3
5787	2
3185	1
5402	3
1555	3
405	3
1199	3
3175	3
5985	3
2595	2
722	1
599	1
4514	3
5618	3
3469	3
4599	3
5203	3
5771	3
4734	3
5590	3
406	2
1660	3
743	3
3166	3
407	1
2743	3
2219	2
3899	3
5642	3
941	3
5490	3
2141	3
2820	3
3618	3
2266	3
687	3
1331	3
4263	3
1724	2
767	3
5202	3
3256	2
1355	3
3275	2
3973	2
3605	2
4130	3
2095	3
2759	3
4181	3
4264	3
412	3
2983	3
413	3
1550	3
4074	3
5721	3
414	2
2891	3
3629	3
5401	3
415	2
3703	2
416	2
1486	3
3409	3
2388	3
3046	3
2664	3
3561	3
3135	3
866	2
3495	3
5335	3
3518	3
419	3
3668	3
4425	2
5639	2
4502	2
4241	2
474	3
5348	3
2816	3
3651	3
1812	3
421	3
2998	3
3210	2
2401	3
1823	3
2948	3
2411	3
3248	3
1712	3
5018	3
424	1
4707	1
425	2
466	3
2607	3
4906	3
1239	1
5650	1
5662	1
2461	3
5632	3
427	3
428	2
1790	2
4038	3
1684	3
557	3
1601	3
1127	3
431	2
582	3
5447	3
3843	3
3823	3
4218	3
5611	3
858	2
2361	2
2849	2
1427	3
5534	3
1281	2
4812	2
1049	3
4078	3
593	3
4736	2
4512	3
2659	3
3908	1
1143	3
1495	3
4834	1
752	1
1920	2
2278	2
5365	1
436	1
2423	3
437	3
4516	1
1520	3
5957	3
984	3
5370	2
4625	3
440	1
1386	2
441	3
448	2
1873	3
1827	3
5604	2
862	3
1828	1
2897	3
442	2
4255	3
589	2
5408	2
4872	3
2736	3
4889	2
1060	2
2704	3
4978	3
2950	3
2954	3
2014	3
1414	3
1680	1
2277	3
4957	3
4269	3
446	2
3479	2
5988	2
447	3
1878	3
3916	3
451	3
5843	3
1017	3
904	1
2349	3
2580	2
3208	2
453	3
2545	3
3970	2
4971	2
1032	3
5263	3
454	3
1176	3
5174	3
1101	3
4294	3
4847	2
1159	3
1261	3
5105	3
5954	3
727	3
4435	3
5839	3
5931	2
1191	3
5101	3
2195	2
3097	1
2121	2
737	2
1398	2
2707	3
2780	2
4789	3
5547	2
1714	3
4257	3
1341	2
5269	3
458	2
4742	3
4918	3
4416	3
1533	2
1848	1
3451	3
460	3
1767	3
2091	3
2962	3
3474	3
1265	3
1732	3
2695	3
4213	3
5744	3
2628	3
5805	3
462	3
555	2
1620	2
4543	2
5322	3
728	3
5503	3
5916	3
2382	2
3193	3
4236	3
685	3
1889	3
4800	3
3432	3
1322	3
4010	3
5566	2
5966	3
2283	3
2421	2
4323	3
5489	3
3062	3
3501	3
4639	3
1145	3
3317	2
3661	2
468	3
3558	3
3182	1
4709	3
3144	2
2559	3
2860	3
1503	3
2850	2
3107	2
4846	2
4805	3
553	3
2811	3
3467	3
779	3
3832	3
3559	3
1330	3
3545	2
1173	3
3466	3
1591	2
4357	3
5760	3
742	3
5763	3
2938	3
3470	3
4653	3
1178	3
3162	1
2893	3
4910	3
4970	3
3312	3
5089	3
5816	2
1359	1
3710	3
3209	3
4098	3
499	3
3346	3
4646	2
574	3
2224	3
1945	3
4560	3
2290	2
4840	3
1706	3
1640	3
4177	3
2177	3
913	1
1233	3
3125	3
2173	3
4744	3
543	2
1872	2
4558	3
746	3
3914	3
2329	3
651	3
2497	3
487	1
4917	3
510	3
1672	3
3890	2
5616	2
1850	2
3219	3
2920	3
5567	3
2146	3
1614	2
695	2
1367	3
2046	3
1786	1
494	3
4724	3
5531	3
4686	2
497	1
4115	3
1412	3
2114	3
2402	2
2823	3
934	2
2808	3
3045	2
2200	2
4572	3
501	2
4938	2
5186	3
502	1
966	2
2474	3
506	3
3871	3
4333	3
2167	3
4730	3
5890	3
3878	3
1462	3
4307	3
2087	2
2259	2
2968	3
3591	2
4125	1
3848	3
3411	1
3498	3
3416	2
1932	2
2152	2
1713	3
688	3
1189	3
4802	3
1677	1
4341	3
5573	2
2553	3
3232	2
1254	3
4829	1
1656	3
4297	3
4518	3
5072	1
2522	2
4619	3
5529	3
5676	3
2344	2
4324	3
5039	3
1430	3
2617	2
515	2
2622	2
5219	3
2297	3
517	2
549	2
4187	3
3497	3
3755	3
3877	2
3663	2
5655	1
5794	3
2251	3
933	3
519	2
5185	2
5253	3
5752	3
3540	2
2057	3
3694	2
4914	2
3152	2
4630	3
3310	3
5765	3
521	1
2062	2
4731	1
522	1
523	3
1452	3
5359	1
1393	3
3889	1
3928	2
4605	1
764	3
5189	2
527	2
5277	3
1212	3
2645	1
852	3
529	3
2638	3
5912	3
530	1
1396	3
2160	3
2084	3
5037	3
532	3
2812	3
5644	3
3445	3
2576	3
533	2
2818	3
4316	2
4453	2
5500	2
1734	3
534	3
3749	3
4774	3
1784	3
2143	3
3072	3
5798	3
5972	3
1877	1
5446	3
537	1
1468	1
5705	1
842	2
3521	3
1287	3
3522	3
539	1
773	1
3788	2
3504	2
3005	3
4944	3
5130	1
5205	2
4975	2
1275	3
5751	2
1458	3
2222	3
608	3
3113	2
5022	3
5051	3
881	3
1498	2
547	3
5198	3
877	3
2369	3
2314	3
2047	3
1868	2
2377	3
3556	3
5622	2
1203	2
1379	3
554	2
3630	3
5260	2
3450	3
3896	3
1271	1
4173	3
556	3
5412	3
855	1
1938	1
2792	1
3734	3
1096	3
2703	2
1302	3
2884	2
4417	3
726	1
3213	3
5465	2
3324	3
562	1
3259	3
4048	3
1094	2
897	3
2404	3
3424	3
4296	3
2271	3
4704	3
5990	2
566	2
1532	2
567	1
5406	3
3252	3
3141	2
1885	1
2176	3
5911	3
2198	2
571	3
3652	3
2295	2
2864	2
2885	3
4470	2
1518	2
2405	3
818	3
5479	3
4044	3
2007	2
5908	2
2168	3
1571	2
3436	3
1797	1
2279	2
4076	2
5143	3
5042	3
4227	3
5087	1
5962	2
3547	2
580	3
5825	3
1625	3
2181	3
3017	3
3179	3
772	3
1639	3
5878	3
849	1
2426	2
583	3
2422	2
5775	3
4022	2
622	3
1517	3
1943	3
5756	1
5386	3
1353	3
799	3
1688	2
5268	2
587	2
3400	3
1457	2
2376	2
721	3
4862	2
5063	2
2996	3
957	3
4981	3
837	3
5374	3
5555	2
2896	1
3399	2
3798	1
1404	2
2107	2
2547	3
2260	3
594	1
4623	3
595	2
2774	2
5383	2
1756	1
4354	1
4637	3
3071	3
4172	2
5282	2
1952	3
2159	3
1169	3
4841	3
5108	1
3586	2
2731	2
3493	2
1147	2
1911	2
2350	3
2752	3
3904	2
796	3
5288	3
5532	2
5887	3
863	2
4824	2
1065	3
3683	2
677	1
3171	3
1092	1
1100	2
606	3
3693	3
2418	3
3140	3
3377	3
2120	3
2667	2
3303	3
4710	2
3835	3
2643	3
4069	1
611	1
1510	3
1839	2
2518	2
2654	2
4655	2
4252	3
3206	3
4593	3
1230	2
693	2
4915	3
3381	3
4286	3
5081	1
5932	3
3953	3
3769	3
5633	2
5328	3
2097	2
4462	3
5608	2
891	3
2754	3
1522	2
5837	3
1292	3
2669	2
5840	3
3212	3
3023	3
3637	2
2566	2
2749	3
1717	3
624	1
3188	2
2778	3
3333	3
5431	2
4769	3
4481	3
4578	2
628	3
3340	2
2040	3
2902	3
3507	3
5287	3
1691	1
2242	1
4182	3
1704	3
3853	3
4590	3
4985	2
4589	2
5001	2
1700	3
2119	3
4118	3
3589	3
2876	3
2252	3
2657	2
3151	3
645	1
3318	1
646	3
2848	3
4002	2
1649	2
4352	3
5148	3
4835	3
1578	2
5560	2
2853	2
4006	3
3437	2
5435	2
853	3
2543	3
1067	3
1135	3
2085	3
3626	3
1008	3
4055	3
2083	3
2561	3
5709	2
1521	3
875	3
1758	3
1231	2
3036	1
1888	3
2907	3
820	3
1171	2
4722	2
4777	3
3659	3
4545	3
4668	3
3063	3
3257	2
1070	3
4735	1
705	3
1090	3
3477	3
2164	3
2362	3
2967	3
2203	2
4934	3
2171	3
1558	3
3982	1
703	3
758	3
4021	3
5511	3
1037	3
5657	3
2905	2
4976	2
4019	3
5330	1
5530	1
4396	3
5050	3
5719	2
3901	2
4198	3
2935	1
2424	2
675	3
909	2
4672	2
5146	3
3874	3
4215	2
3876	1
5814	3
3272	3
2583	2
3991	3
4295	3
1658	2
5090	2
2675	2
1419	2
5767	2
2460	3
1323	3
5942	2
5196	1
1930	3
4007	2
3029	2
689	3
2934	2
1596	2
4110	3
4175	3
2133	2
5671	3
3534	3
4424	3
5569	3
2267	3
2287	3
4283	3
3060	2
1036	2
1678	2
701	2
1880	2
5846	2
4184	3
3993	3
5181	3
2846	3
3192	2
3981	2
1207	2
3946	1
4471	2
1146	3
2067	2
708	1
1815	3
3352	2
1270	1
3076	2
916	1
2530	1
2326	3
2863	3
1636	3
5381	2
2620	3
5514	2
712	1
1804	3
3010	3
3900	1
4037	3
5398	3
2320	1
1793	1
3490	3
3815	2
4103	3
2093	2
5298	1
3165	3
1979	2
2655	3
2969	3
2585	3
2435	3
3358	3
1764	3
4460	3
4775	3
724	1
4644	2
4258	3
3695	3
1708	3
2302	3
1622	2
4111	3
1876	3
3370	3
730	2
4347	3
3102	3
5308	3
1775	3
4517	3
5598	2
969	3
753	3
3713	2
3568	1
1299	2
1003	1
4025	3
2288	3
2464	3
4473	2
4202	3
3894	3
4739	3
1006	3
3574	3
2990	3
3653	3
5314	3
4414	3
2492	3
5509	3
748	1
749	1
2560	1
5501	1
765	3
5967	3
1773	3
5797	3
1358	2
1429	2
756	1
899	1
1177	3
2970	3
1869	2
3226	3
4447	1
760	1
5466	3
5367	2
3912	3
4828	3
2623	2
1202	1
5093	3
2726	2
4008	3
2370	3
3940	1
2898	3
3273	2
1611	2
1038	2
770	2
2262	2
4086	2
771	2
4864	3
5061	3
5234	2
4875	3
3979	3
775	1
995	3
1999	2
776	2
4442	3
3584	2
780	1
1014	1
873	2
1807	2
783	2
2112	3
4588	2
4869	2
791	3
2031	3
792	2
4871	2
1917	3
795	2
1580	3
2501	3
5548	1
4932	3
4331	3
3925	2
2771	2
4476	2
5047	2
1245	2
2044	1
2285	3
4856	3
2542	1
813	1
900	2
1293	2
4171	2
3486	3
2450	3
1902	3
1477	3
1588	2
4438	3
4288	2
1102	3
1961	3
809	1
1113	3
3790	2
4953	3
2965	2
1304	2
5512	1
5024	3
3711	3
2169	2
4925	2
3781	1
4566	3
1150	3
944	2
1728	2
5264	3
3066	3
4201	2
3313	3
2550	3
2625	2
3398	3
4249	3
5133	1
3323	2
4452	1
1692	1
3643	2
4220	2
1140	3
3253	3
3236	3
3579	2
5891	1
4544	3
3730	3
4959	3
1461	3
3657	3
5897	3
1699	3
5368	3
2714	3
836	3
3977	2
4541	2
5658	3
1572	3
5895	3
2690	3
4652	1
1912	3
3169	2
1738	3
3541	2
5085	2
3578	3
4348	3
4501	3
4825	3
3386	2
1046	3
5551	2
5301	3
847	2
5475	3
850	1
5694	3
3729	2
2413	3
2562	3
4584	3
2993	3
1123	3
5952	1
1467	2
1234	3
3258	2
4091	2
3510	1
3016	3
1990	3
1925	3
2825	2
4671	2
3974	3
3294	3
4432	2
2750	3
5750	3
5934	3
5563	2
2454	2
4061	3
2019	1
2347	2
5276	3
4936	3
5102	3
5294	3
4876	3
3990	3
882	2
4780	2
1285	2
2573	3
4034	3
1031	2
5507	3
1068	1
2305	3
5028	1
4123	3
1535	3
5278	3
893	1
1909	3
894	1
896	1
4478	3
898	3
3081	3
4014	2
5593	2
1693	1
3721	3
1490	2
901	1
4786	3
2923	2
3704	2
4667	2
5739	3
908	2
2395	2
5504	2
912	2
2913	3
3446	1
3805	1
3719	1
917	1
3094	1
4245	3
4752	3
4765	3
1791	3
2810	3
922	1
923	2
3748	2
4154	2
5546	2
5020	3
925	1
5457	3
2036	1
4963	3
929	2
3722	2
5951	3
931	2
5615	2
3859	2
4291	2
4684	2
937	2
2793	1
939	1
3891	2
5909	1
1364	3
2900	2
1702	2
946	1
3481	3
5778	1
3562	2
5949	2
949	1
3227	2
3936	1
4059	3
1981	3
3142	3
3824	3
952	3
2201	3
2741	2
1648	2
2442	2
4669	2
3814	3
4508	3
2670	2
959	1
5520	1
960	2
2052	3
1095	2
5772	3
5155	3
2153	2
3262	2
4419	1
2842	2
968	2
3249	2
5023	3
3364	3
5139	2
3326	3
3543	1
4604	3
2739	1
1394	3
2236	3
976	1
2586	3
1290	2
978	2
2632	3
1748	3
980	2
4450	1
1402	2
2699	2
5850	3
4673	3
4274	2
2431	1
2479	3
2639	3
1951	2
4617	2
4980	2
1295	3
4400	3
5048	1
5939	3
1000	2
4893	3
1372	2
4491	3
1043	3
5467	3
1433	3
1007	1
4164	3
5172	3
1856	2
2737	3
1011	2
5734	3
1012	3
1054	2
3111	2
1333	3
3962	3
1964	3
2063	3
4161	3
2651	2
5575	1
1024	1
2028	1
2798	1
3847	1
1733	3
1028	3
1337	3
5255	3
4469	2
1053	3
4058	2
2416	1
1314	3
1473	2
3178	2
2049	3
1705	2
4199	3
1847	3
4107	3
2434	3
3401	1
4266	3
1570	3
3314	1
1720	3
5251	3
5038	2
2612	3
3465	3
1864	3
2452	3
1619	1
2931	2
3567	3
2298	3
2599	3
3775	1
3496	2
2291	2
5476	2
2238	1
5630	2
1654	3
1935	3
3700	2
4883	2
5438	3
2310	3
1470	3
5827	3
3038	2
3204	2
3241	2
1069	1
1740	3
3854	1
4355	2
2822	2
1745	3
4766	3
4931	3
2337	2
1089	3
4188	2
1083	2
1084	1
1215	2
2487	3
2205	3
5096	2
1087	2
5844	2
2026	2
3884	3
2243	3
5888	1
1755	2
2677	2
1949	1
4753	2
4603	3
2245	3
1726	3
4851	3
1236	3
3512	3
5782	2
1106	2
1109	1
2519	2
4705	3
1731	3
4525	3
4253	3
1118	2
3395	3
2592	1
4890	2
4571	2
5726	3
5784	1
2151	3
2766	3
5688	2
5280	3
1447	1
4015	1
2755	2
4988	3
5413	1
1128	2
1306	3
1131	2
4338	2
1421	1
2994	1
1138	2
5958	3
4309	3
4563	1
1383	3
2448	1
4670	2
1149	2
5769	3
1703	1
1151	1
1152	1
3943	2
5601	1
3684	2
5858	3
2979	3
1160	1
1163	1
3685	1
4237	2
4260	2
4636	1
5354	2
2520	3
2024	3
3612	2
1368	2
1175	2
3971	1
1235	3
2102	2
1181	1
1220	2
1976	3
5126	2
1195	2
2103	2
1198	3
1200	3
2486	3
1209	1
1210	1
3120	2
5541	3
2569	2
2118	2
1213	3
4411	2
3957	1
5230	2
1224	1
4509	1
1227	1
4401	2
1229	1
4546	2
1288	1
5224	2
3181	2
2568	1
3656	3
1248	1
1250	1
4205	1
4434	1
2139	1
5556	1
1256	3
5588	3
2449	1
3503	3
3351	1
4587	2
5242	1
1504	2
2653	2
3924	3
2987	2
3872	1
1526	2
3376	1
3915	3
1289	1
1523	2
3435	1
4818	2
4012	2
3225	3
2892	2
1307	1
1309	1
4749	3
1313	2
2038	2
1866	3
3378	1
5337	2
5585	2
3211	2
1325	2
1669	3
1326	3
1841	2
1407	2
2104	2
3367	3
4379	3
4195	2
2539	3
5499	3
4640	2
2264	1
5068	1
3388	3
4611	2
1933	1
2946	3
2515	3
2106	1
4342	3
5646	2
3810	1
2089	1
5854	1
4974	1
4747	3
2192	1
1381	2
1441	3
2957	3
2856	1
4839	2
3965	3
5430	2
4293	3
3532	2
3203	3
3205	3
1789	2
3480	1
3648	1
2526	2
1436	1
1438	2
1865	2
1442	1
5052	1
1886	2
2865	2
4458	1
1694	3
4116	1
5117	1
1460	3
4179	2
4852	2
1472	2
4729	3
1480	3
1483	1
1484	2
5889	3
3705	1
1970	2
4229	3
2627	1
5801	3
5058	1
3676	2
1676	2
3992	1
4770	2
3006	3
5004	2
4948	1
5371	1
5557	2
4160	1
5927	1
4259	1
1774	3
1544	1
4490	3
2220	1
2340	1
2536	3
2621	2
2296	3
3187	3
1560	1
1881	3
4574	1
4874	1
4904	1
1579	2
5635	1
2311	3
3441	2
5113	3
4364	1
4186	1
5192	3
3197	1
1606	3
3515	2
4799	2
2193	1
2372	2
2779	3
5666	1
5510	2
5064	1
3806	3
4040	3
2308	2
3070	3
1665	1
3078	3
2776	2
3844	1
2495	1
5333	2
4280	2
4690	2
3975	3
4053	1
5619	3
5929	1
3032	2
3143	2
1710	2
2505	1
1808	2
5515	1
1716	2
1895	2
2502	2
1718	2
5352	1
5570	2
5098	1
4329	1
1743	1
5810	1
5440	2
5894	2
3012	1
4899	3
3279	3
3284	3
1763	1
3795	2
4366	2
2439	1
2175	2
1777	2
5606	2
1781	1
2357	2
5808	2
5420	3
3267	1
2430	2
2960	1
3879	2
2924	1
4891	2
1819	1
4113	3
1821	1
5806	1
3002	3
1837	1
2248	3
2313	2
1870	1
1859	1
2113	1
3893	1
2661	1
1874	1
4576	2
5271	2
3461	2
4682	2
5523	1
4991	1
4246	2
5372	1
5390	3
2275	3
3074	2
5429	2
5481	1
3513	2
4389	1
1950	1
2020	1
4556	1
5138	1
3245	1
2237	1
4843	2
4428	2
1987	1
1991	2
1997	1
3422	1
3628	1
4138	2
5353	1
2858	3
5092	2
3362	2
2030	1
3944	3
2041	1
2309	1
2847	1
2050	1
3189	3
2059	1
5518	3
2123	2
2702	2
3321	3
2209	2
5349	2
2531	2
5667	1
5122	1
3590	1
5029	1
5754	3
2127	1
2185	1
2131	1
5170	2
2135	2
3042	3
3820	1
2191	1
5046	1
5464	1
4162	1
2225	1
5533	3
2231	1
2393	1
3353	1
3650	1
2249	3
2258	1
4785	2
2274	1
2282	1
2475	1
2888	2
2854	1
3444	1
3047	2
2351	1
2352	2
5925	2
3004	3
2524	1
4536	3
2368	2
4579	1
2375	3
5491	2
2383	1
5036	1
3431	1
2396	1
4697	1
4013	2
4857	1
2409	1
3785	1
2443	1
5191	1
5027	2
2463	1
2488	1
2499	1
5312	1
2509	1
2525	1
3000	1
2598	1
3989	1
4382	1
2828	2
2619	2
3536	1
5236	1
4738	1
2673	1
5011	1
3082	1
2693	1
5437	1
2697	1
4105	1
4837	1
3560	1
2767	1
2794	1
2801	2
4265	1
4849	2
3956	1
2895	1
5857	1
3430	1
4317	1
2874	1
5346	3
3108	1
3671	1
2953	2
2977	1
4217	1
5014	2
3599	2
2989	1
2992	2
2995	1
3007	1
5495	2
5079	1
5792	1
5487	1
3057	1
3075	1
3093	2
3750	1
4909	1
5661	1
4106	1
3146	1
3147	1
4723	1
3164	1
3770	1
4479	1
3216	1
5245	1
3287	1
4088	3
3620	2
3421	2
5461	2
4762	1
3613	1
5478	1
3636	1
5875	1
3726	1
5486	1
5906	1
3673	1
4239	1
3751	1
5753	1
3929	1
4225	1
5292	1
4277	1
4301	1
4319	1
5602	1
4522	1
4687	1
4726	1
5070	1
4999	1
4937	1
5100	1
5034	1
5996	1
5859	1
5405	1
5728	1
5901	1
5586	1
5884	2
5711	1
