4
5
9
12
15
18
20
39
43
45
103
108
133
134
155
176
190
210
215
242
246
286
303
307
309
329
336
339
341
347
353
355
366
369
372
381
388
394
397
399
402
405
410
412
433
445
448
455
456
461
468
471
473
476
485
490
505
521
533
542
547
548
556
560
561
568
579
586
589
594
606
607
609
617
619
620
630
634
635
637
641
645
652
660
670
671
672
676
678
682
686
693
707
708
711
715
717
718
719
720
722
729
735
738
742
749
750
751
755
758
762
765
766
767
771
772
782
787
789
807
809
817
818
819
836
837
848
862
869
897
899
900
902
903
905
911
912
921
925
928
935
937
938
948
967
969
971
975
978
979
980
983
985
994
1002
1006
1008
1011
1015
1016
1020
1029
1041
1049
1053
1057
1064
1066
1067
1073
1087
1098
1112
1118
1122
1124
1125
1129
1130
1131
1132
1133
1134
1135
1136
1140
1146
1147
1149
1150
1152
1154
1157
1159
1162
1166
1167
1170
1175
1176
1177
1178
1180
1185
1187
1192
1197
1210
1224
1237
1239
1241
1247
1253
1257
1258
1269
1271
1274
1276
1286
1291
1293
1312
1319
1322
1331
1340
1345
1346
1349
1350
1353
1358
1359
1362
1364
1376
1377
1378
1379
1380
1382
1383
1386
1389
1395
1400
1405
1408
1409
1410
1412
1416
1419
1422
1425
1427
1430
1433
1439
1442
1446
1450
1451
1453
1456
1459
1468
1471
1472
1473
1475
1476
1479
1481
1482
1483
1486
1489
1490
1491
1495
1497
1500
1501
1504
1505
1506
1507
1510
1511
1512
1513
1514
1516
1518
1520
1521
1523
1524
1526
1534
1537
1538
1541
1543
1544
1545
1547
1549
1560
1570
1571
1576
1578
1581
1583
1587
1588
1596
1599
1603
1609
1615
1623
1624
1625
1629
1638
1644
1645
1646
1650
1659
1660
1662
1663
1665
1669
1671
1673
1674
1677
1682
1683
1684
1691
1698
1704
1710
1711
1719
1722
1723
1725
1726
1731
1736
1752
1755
1759
1761
1765
1766
1768
1776
1788
1790
1791
1792
1794
1795
1796
1808
1809
1814
1815
1816
1817
1818
1819
1827
1830
1836
1840
1844
1845
1849
1851
1853
1854
1861
1864
1865
1871
1874
1878
1880
1886
1887
1892
1893
1894
1895
1909
1919
1920
1922
1925
1928
1939
1942
1948
1950
1953
1959
1963
1968
1978
1984
1986
1995
1996
1998
2000
2003
2005
2011
2012
2017
2019
2021
2023
2024
2025
2029
2030
2032
2034
2036
2042
2043
2044
2045
2046
2056
2059
2062
2068
2070
2072
2078
2080
2085
2086
2094
2095
2096
2105
2110
2112
2116
2119
2121
2122
2124
2125
2130
2131
2133
2134
2137
2141
2143
2147
2149
2150
2155
2156
2157
2158
2160
2165
2171
2174
2175
2178
2179
2183
2185
2190
2192
2196
2200
2203
2211
2213
2220
2225
2227
2231
2232
2238
2240
2242
2243
2244
2245
2268
2271
2274
2277
2283
2284
2289
2291
2294
2297
2300
2312
2314
2315
2318
2322
2325
2326
2327
2334
2336
2337
2339
2340
2348
2349
2355
2356
2359
2361
2363
2364
2372
2379
2394
2395
2397
2401
2405
2407
2408
2410
2414
2417
2419
2422
2423
2424
2425
2426
2427
2428
2431
2432
2437
2438
2439
2440
2442
2444
2445
2448
2449
2452
2456
2457
2458
2460
2465
2468
2471
2487
2488
2491
2492
2493
2500
2501
2504
2505
2509
2511
2512
2514
2517
2521
2523
2554
2558
2561
2564
2565
2569
2570
2571
2581
2586
2588
2595
2597
2606
2609
2612
2615
2630
2635
2636
2640
2659
2660
2666
2673
2679
2688
2690
2714
2723
2727
2736
2742
2751
2753
2754
2756
2759
2761
2772
2775
2776
2792
2814
2816
2822
2828
2834
2836
2838
2841
2842
2845
2846
2849
2850
2852
2853
2855
2856
2859
2862
2882
2887
2889
2894
2895
2897
2903
2917
2929
2934
2935
2936
2952
2954
2956
2964
2969
2975
2978
2982
2988
2989
2996
2997
2999
3001
3003
3005
3010
3014
3019
3021
3023
3029
3032
3033
3035
3037
3039
3042
3056
3057
3060
3070
3072
3077
3078
3079
3082
3083
3084
3085
3086
3089
3096
3107
3112
3117
3124
3125
3127
3137
3139
3149
3151
3159
3166
3170
3171
3172
3174
3175
3176
3178
3179
3180
3181
3182
3184
3185
3188
3191
3193
3204
3206
3207
3215
3220
3221
3224
3230
3231
3232
3233
3235
3236
3237
3238
3239
3245
3251
3252
3253
3256
3258
3259
3260
3261
3262
3263
3264
3265
3266
3267
3268
3270
3271
3273
3277
3278
3279
3280
3281
3288
3290
3295
3296
3300
3304
3306
3307
3309
3310
3319
3323
3325
3328
3330
3334
3336
3338
3343
3347
3348
3349
3350
3351
3353
3357
3365
3366
3368
3370
3374
3376
3378
3385
3386
3389
3394
3396
3399
3403
3405
3409
3411
3414
3423
3424
3425
3427
3429
3430
3433
3436
3437
3438
3439
3440
3441
3446
3448
3449
3453
3454
3456
3457
3458
3462
3466
3467
3469
3473
3476
3477
3478
3479
3482
3483
3484
3487
3489
3492
3494
3500
3502
3503
3505
3506
3510
3513
3514
3515
3517
3518
3520
3521
3525
3526
3527
3528
3531
3533
3543
3547
3548
3552
3555
3559
3560
3561
3564
3565
3566
3569
3570
3571
3572
3574
3576
3578
3579
3580
3584
3588
3589
3590
3591
3594
3595
3597
3602
3604
3605
3606
3611
3613
3615
3618
3624
3627
3629
3631
3636
3639
3640
3646
3648
3650
3652
3659
3662
3667
3670
3671
3672
3673
3678
3680
3682
3686
3687
3689
3695
3697
3702
3703
3706
3708
3709
3714
3717
3718
3722
3723
3728
3729
3730
3734
3736
3738
3740
3744
3745
3747
3749
3757
3760
3762
3763
3764
3768
3770
3771
3774
3780
3787
3788
3790
3794
3797
3799
3800
3801
3802
3807
3809
3810
3818
3825
3826
3828
3831
3832
3833
3836
3837
3843
3845
3848
3855
3857
3862
3863
3864
3865
3866
3868
3869
3873
3874
3877
3888
3889
3890
3891
3892
3893
3894
3896
3898
3899
3901
3906
3912
3913
3915
3918
3919
3923
3924
3927
3930
3931
3932
3935
3937
3939
3941
3943
3947
3948
3950
3955
3957
3958
3962
3963
3968
3974
3976
3982
3983
3984
3986
3987
3994
3995
3996
3997
4002
4004
4007
4011
4013
4015
4020
4021
4022
4023
4024
4025
4029
4030
4031
4032
4033
4034
4038
4040
4042
4043
4046
4047
4048
4062
4063
4069
4070
4074
4076
4078
4079
4081
4082
4083
4084
4085
4087
4089
4090
4093
4094
4097
4103
4109
4110
4116
4117
4119
4125
4126
4129
4130
4131
4133
4134
4135
4136
4137
4138
4140
4142
4146
4149
4151
4153
4155
4156
4157
4158
4160
4164
4166
4170
4172
4173
4174
4175
4178
4179
4183
4185
4186
4188
4190
4195
4201
4206
4207
4209
4211
4213
4215
4216
4218
4221
4223
4225
4229
4230
4231
4232
4233
4234
4236
4237
4238
4240
4242
4244
4250
4252
4253
4254
4256
4257
4260
4264
4266
4277
4278
4279
4283
4287
4288
4290
4292
4295
4296
4297
4298
4299
4301
4304
4313
4314
4316
4317
4318
4323
4325
4326
4329
4333
4334
4335
4336
4337
4339
4340
4344
4345
4346
4347
4350
4361
4362
4365
4373
4375
4376
4378
4381
4382
4388
4391
4392
4408
4410
4411
4415
4421
4423
4425
4426
4437
4444
4445
4454
4456
4459
4461
4463
4470
4471
4476
4479
4480
4483
4486
4487
4489
4491
4492
4494
4495
4497
4499
4502
4504
4505
4506
4508
4509
4512
4513
4515
4516
4518
4522
4523
4527
4528
4529
4530
4531
4534
4537
4539
4540
4542
4543
4544
4545
4546
4547
4552
4556
4560
4563
4564
4567
4568
4578
4583
4587
4589
4591
4593
4598
4602
4603
4605
4608
4613
4615
4616
4620
4621
4622
4623
4625
4626
4628
4636
4639
4640
4642
4644
4648
4651
4653
4654
4659
4666
4667
4668
4670
4671
4675
4676
4679
4681
4682
4683
4684
4687
4688
4689
4692
4699
4702
4703
4704
4705
4707
4708
4711
4712
4715
4716
4717
4719
4721
4722
4732
4733
4742
4745
4747
4748
4750
4751
4752
4754
4761
4762
4764
4765
4772
4774
4776
4777
4783
4787
4797
4798
4801
4804
4806
4812
4813
4816
4817
4818
4820
4821
4825
4827
4830
4835
4839
4840
4841
4845
4852
4853
4862
4863
4868
4870
4874
4876
4877
4886
4888
4889
4904
4905
4907
4910
4911
4913
4914
4916
4921
4922
4923
4926
4927
4929
4930
4931
4937
4940
4942
4944
4945
4948
4949
4950
4952
4953
4954
4956
4957
4958
4959
4960
4961
4962
4963
4967
4969
4971
4972
4973
4974
4977
4985
4987
4994
4997
4999
5002
5006
5007
5008
5012
5016
5017
5029
5030
5032
5041
5048
5051
5052
5055
5059
5063
5065
5066
5069
5070
5071
5072
5076
5079
5084
5087
5094
5098
5102
5106
5108
5109
5110
5114
5115
5116
5118
5119
5120
5121
5126
5127
5130
5131
5132
5137
5140
5143
5144
5154
5155
5158
5159
5165
5171
5178
5181
5182
5183
5186
5187
5189
5191
5193
5195
5201
5205
5210
5211
5213
5214
5217
5222
5229
5230
5233
5238
5251
5256
5257
5261
5265
5266
5267
5272
5277
5282
5291
5292
5296
5297
5298
5301
5302
5303
5311
5312
5313
5318
5328
5333
5337
5344
5348
5351
5352
5358
5359
5362
5366
5367
5371
5373
5377
5379
5381
5387
5388
5393
5395
5396
5400
5406
5408
5417
5419
5424
5429
5430
5436
5438
5439
5446
5452
5456
5457
5463
5464
5465
5466
5469
5471
5479
5487
5491
5492
5493
5494
5497
5498
5501
5502
5503
5504
5507
5513
5515
5516
5517
5518
5519
5522
5527
5529
5531
5535
5537
5540
5542
5544
5550
5558
5559
5560
5561
5562
5566
5570
5574
5577
5578
5583
5585
5591
5593
5594
5596
5598
5599
5600
5605
5607
5608
5610
5612
5613
5614
5619
5620
5622
5626
5628
5630
5631
5632
5633
5635
5641
5645
5647
5649
5654
5656
5657
5658
5660
5665
5666
5668
5676
5677
5679
5689
5691
5694
5695
5696
5705
5717
5721
5722
5726
5727
5730
5737
5738
5739
5745
5748
5753
5756
5757
5760
5762
5763
5764
5765
5766
5769
5771
5772
5780
5781
5782
5783
5784
5785
5788
5790
5791
5793
5794
5795
5798
5803
5805
5809
5813
5819
5821
5824
5825
5828
5829
5830
5831
5839
5850
5853
5854
5856
5859
5860
5861
5864
5865
5866
5869
5879
5881
5887
5890
5895
5898
5899
5901
5903
5904
5914
5917
5919
5924
5928
5936
5943
5944
5950
5952
5959
5960
5962
5967
5968
5969
5970
5977
5989
5990
5994
5996
6002
6003
6004
6006
6012
6018
6019
6022
6027
6029
6030
6033
6035
6036
6039
6041
6044
6048
6051
6053
6057
6058
6059
6062
6063
6068
6070
6071
6072
6075
6077
6079
6080
6081
6082
6083
6085
6086
6089
6093
6097
6101
6110
6114
6118
6119
6120
6122
6124
6125
6126
6129
6130
6132
6133
6136
6143
6144
6147
6151
6155
6157
6160
6161
6162
6166
6167
6168
6169
6171
6176
6178
6183
6184
6186
6187
6188
6189
6192
6199
6200
6202
6206
6207
6220
6224
6237
6238
6241
6242
6250
6255
6257
6260
6261
6266
6268
6270
6275
6286
6293
6299
6309
6310
6311
6313
6314
6319
6321
6324
6325
6328
6329
6332
6333
6334
6342
6345
6346
6351
6353
6368
6369
6372
6374
6376
6382
6384
6385
6387
6390
6394
6396
6398
6399
6401
6404
6405
6415
6420
6421
6429
6431
6432
6435
6440
6443
6447
6448
6452
6453
6455
6463
6471
6472
6474
6477
6478
6479
6483
6485
6486
6496
6499
6500
6501
6508
6519
6520
6522
6523
6526
6528
6529
6534
6536
6537
6538
6545
6546
6547
6548
6549
6558
6561
6564
6568
6570
6576
6583
6585
6586
6587
6591
6592
6593
6596
6598
6602
6612
6621
6631
6638
6639
6640
6645
6657
6658
6659
6664
6668
6681
6688
6690
6693
6697
6698
6709
6711
6713
6719
6722
6725
6739
6749
6750
6754
6756
6757
6764
6770
6772
6782
6783
6784
6791
6793
6795
6796
6810
6818
6821
6834
6842
6846
6849
6854
6855
6857
6860
6862
6863
6864
6875
6877
6881
6885
6895
6918
6921
6923
6925
6931
6934
6940
6943
6944
6948
6951
6954
6957
6959
6961
6963
6969
6971
6975
6980
6990
6991
6997
6998
7000
7002
7006
7016
7021
7025
7028
7030
7038
7045
7048
7051
7055
7056
7062
7071
7086
7088
7092
7094
7097
7105
7109
7111
7113
7121
7126
7127
7129
7130
7131
7134
7136
7137
7138
7139
7151
7156
7158
7161
7170
7173
7178
7181
7183
7185
7187
7192
7196
7204
7205
7208
7210
7212
7214
7223
7227
7228
7233
7236
7237
7245
7249
7255
7265
7271
7273
7275
7278
7286
7287
7290
7293
7294
7295
7299
7313
7317
7320
7323
7327
7331
7347
7350
7351
7356
7361
7368
7375
7376
7380
7384
7389
7399
7400
7401
7406
7413
7414
7421
7424
7431
7432
7436
7441
7443
7445
7447
7448
7461
7469
7470
7471
7482
7485
7490
7496
7501
7531
7537
7539
7543
7567
7575
7582
7584
7588
7593
7594
7599
7606
7607
7609
7619
7621
7635
7636
7642
7645
7648
7656
7658
7661
7666
7669
7680
7683
7684
7685
7690
7693
7696
7701
7706
7707
7708
7712
7717
7720
7732
7737
7749
7758
7759
7761
7770
7771
7779
7784
7790
7797
7815
7819
7822
7823
7826
7830
7836
7837
7838
7842
7850
7853
7854
7856
7859
7861
7865
7866
7872
7874
7875
7878
7884
7885
7888
7892
7894
7896
7904
7907
7912
7917
7921
7922
7923
7925
7927
7930
7931
7932
7933
7936
7940
7943
7947
7950
7951
7953
7958
7961
7965
7966
7968
7971
7973
7974
7975
7980
7985
7986
7988
7990
7991
7993
7996
7998
8000
8001
8006
8007
8008
8011
8012
8014
8016
8019
8028
8031
8032
8033
8035
8036
8039
8049
8050
8051
8063
8064
8066
8069
8070
8071
8073
8080
8082
8083
8087
8088
8090
8098
8102
8106
8109
8121
8125
8130
8134
8137
8142
8144
8150
8153
8154
8155
8156
8165
8166
8171
8178
8180
8183
8184
8185
8186
8188
8189
8203
8206
8209
8210
8218
8219
8224
8228
8231
8232
8238
8241
8242
8243
8244
8247
8249
8250
8255
8258
8259
8263
8264
8266
8268
8270
8271
8272
8277
8289
8290
8291
8293
8304
8305
8307
8308
8311
8315
8316
8320
8321
8322
8324
8326
8328
8329
8330
8332
8338
8339
8341
8348
8350
8352
8360
8361
8363
8365
8369
8374
8375
8377
8382
8385
8389
8390
8392
8399
8400
8402
8406
8409
8417
8420
8430
8434
8439
8445
8448
8449
8451
8453
8467
8468
8469
8471
8472
8474
8478
8481
8489
8491
8494
8501
8502
8509
8512
8515
8525
8528
8538
8548
8549
8552
8556
8570
8576
8587
8589
8592
8593
8595
8596
8601
8602
8603
8604
8609
8617
8618
8631
8636
8640
8643
8650
8651
8656
8657
8666
8671
8672
8674
8684
8686
8696
8699
8702
8705
8706
8707
8708
8710
8711
8718
8721
8722
8730
8731
8733
8735
8738
8748
8751
8752
8756
8764
8778
8779
8780
8787
8789
8793
8802
8809
8818
8822
8825
8832
8834
8841
8843
8847
8851
8855
8860
8861
8864
8866
8867
8868
8872
8873
8875
8881
8889
8891
8893
8900
8911
8924
8930
8935
8942
8957
8971
8972
8973
8974
8979
8986
8995
9000
9003
9004
9009
9010
9011
9030
9032
9033
9037
9038
9041
9045
9046
9048
9051
9058
9059
9065
9071
9073
9074
9082
9092
9105
9111
9116
9118
9123
9124
9128
9137
9142
9143
9151
9153
9158
9162
9172
9173
9175
9181
9185
9186
9198
9199
9204
9216
9217
9224
9226
9229
9236
9240
9250
9255
9260
9262
9269
9273
9276
9279
9281
9282
9291
9294
9302
9311
9326
9327
9330
9337
9339
9340
9345
9353
9358
9359
9362
9367
9369
9371
9373
9376
9378
9383
9386
9391
9394
9395
9414
9420
9423
9424
9428
9436
9440
9443
9461
9475
9477
9480
9482
9483
9485
9488
9493
9497
9502
9506
9509
9512
9513
9522
9526
9528
9534
9537
9538
9548
9556
9561
9565
9586
9588
9591
9600
9610
9612
9641
9644
9656
9671
9674
9678
9686
9688
9695
9706
9712
9714
9716
9720
9724
9726
9728
9732
9739
9748
9749
9750
9772
9784
9792
9794
9805
9808
9814
9816
9817
9832
9847
9852
9853
9863
9873
9883
9887
9893
9898
9911
9923
9931
9933
9934
9944
9945
9948
9951
9953
9955
9957
9973
9980
9986
9999
10005
10014
10017
10027
10030
10033
10036
10042
10045
10046
10049
10051
10068
10083
10095
10103
10104
10113
10116
10132
10134
10135
10141
10143
10144
10146
10151
10160
10168
10175
10181
10190
10192
10196
10197
10201
10203
10205
10208
10211
10212
10213
10225
10227
10233
10237
10245
10246
10247
10249
10251
10261
10264
10265
10266
10272
10282
10284
10290
10294
10296
10297
10303
10305
10308
10314
10315
10320
10327
10333
10335
10344
10345
10349
10352
10359
10362
10366
10385
10386
10414
10415
10416
10419
10420
10428
10429
10430
10434
10443
10452
10453
10475
10480
10482
10483
10489
10492
10497
10498
10501
10502
10511
10518
10519
10523
10525
10529
10534
10537
10540
10541
10553
10563
10564
10575
10577
10581
10583
10584
10585
10602
10604
10606
10608
10613
10616
10620
10621
10623
10628
10630
10632
10634
10636
10641
10643
10647
10650
10651
10665
10668
10669
10670
10672
10676
10681
10683
10684
10686
10691
10695
10696
10704
10708
10709
10713
10724
10727
10729
10730
10733
10734
10735
10736
10737
10739
10747
10748
10754
10755
10760
10773
10782
10793
10806
10810
10815
10819
10821
10823
10826
10838
10841
10842
10843
10847
10854
10855
10856
10857
10858
10861
10863
10864
10867
10868
10876
10882
10884
10885
10886
10887
10891
10896
10897
10898
10901
10902
10904
10907
10911
10913
10916
10925
10931
10939
10940
10954
10961
10962
10963
10965
10968
10975
10976
10977
10982
10986
10993
10995
10996
10997
11007
11011
11021
11023
11032
11034
11035
11037
11042
11043
11046
11052
11054
11055
11058
11062
11064
11073
11078
11083
11086
11097
11104
11106
11108
11109
11111
11115
11117
11119
11120
11121
11122
11123
11126
11128
11138
11146
11149
11151
11152
11156
11159
11161
11163
11164
11165
11167
11168
11172
11173
11175
11178
11181
11187
11188
11189
11190
11202
11204
11205
11207
11215
11222
11223
11231
11235
11237
11238
11239
11241
11247
11248
11253
11257
11258
11259
11260
11265
11267
11268
11269
11275
11279
11283
11288
11289
11290
11295
11296
11297
11302
11303
11309
11322
11323
11327
11330
11333
11334
11342
11346
11347
11352
11354
11357
11358
11360
11365
11367
11371
11373
11375
11380
11387
11390
11393
11395
11399
11401
11406
11409
11416
11417
11421
11422
11423
11426
11428
11429
11430
11433
11436
11439
11440
11443
11444
11450
11451
11454
11460
11461
11466
11468
11470
11479
11481
11482
11484
11486
11487
11495
11501
11508
11520
11524
11526
11527
11529
11538
11539
11541
11543
11546
11548
11556
11557
11559
11569
11571
11575
11576
11578
11584
11590
11596
11610
11612
11614
11616
11617
11619
11620
11621
11623
11635
11640
11646
11655
11658
11662
11671
11683
11693
11699
11701
11706
11708
11710
11713
11714
11722
11731
11737
11745
11748
11749
11750
11753
11756
11757
11758
11765
11767
11770
11776
11781
11782
11784
11785
11786
11787
11789
11790
11791
11792
11798
11800
11807
11808
11814
11815
11817
11828
11833
11848
11857
11871
11878
11894
11897
11909
11911
11934
11939
11943
11944
11946
11950
11954
11955
11958
11961
11962
11967
11972
11982
11983
11986
11999
12000
12006
12009
12013
12015
12018
12021
12035
12038
12050
12059
12062
12063
12064
12067
12092
12094
12095
12096
12107
12110
12116
12118
12130
12134
12138
12139
12140
12141
12143
12148
12153
12157
12162
12165
12166
12176
12190
12203
12204
12211
12218
12220
12221
12222
12224
12226
12234
12235
12237
12243
12249
12250
12259
12269
12280
12285
12310
12313
12321
12322
12323
12326
12330
12337
12344
12346
12355
12356
12358
12368
12369
12371
12376
12378
12385
12386
12387
12393
12398
12400
12401
12411
12412
12417
12419
12424
12425
12431
12432
12435
12437
12440
12449
12454
12456
12458
12469
12471
12472
12474
12475
12478
12479
12488
12492
12496
12500
12501
12503
12509
12511
12514
12517
12522
12525
12527
12532
12545
12549
12555
12559
12561
12581
12588
12593
12594
12596
12604
12616
12619
12621
12622
12629
12634
12636
12637
12639
12652
12665
12677
12679
12682
12713
12722
12726
12732
12734
12742
12747
12754
12755
12758
12759
12778
12782
12785
12788
12789
12793
12794
12801
12805
12808
12810
12833
12835
12840
12843
12844
12857
12859
12864
12867
12869
12871
12881
12885
12888
12891
12894
12900
12903
12906
12908
12913
12914
12916
12921
12924
12925
12927
12930
12933
12936
12938
12962
12965
12968
12976
12981
12995
12997
13003
13011
13012
13016
13018
13025
13027
13037
13041
13046
13053
13061
13063
13065
13066
13067
13077
13081
13086
13089
13095
13100
13108
13111
13112
13114
13120
13121
13143
13144
13148
13158
13161
13171
13174
13183
13185
13187
13191
13194
13195
13197
13199
13220
13222
13232
13234
13238
13239
13251
13259
13266
13267
13268
13269
13270
13272
13275
13276
13277
13279
13284
13288
13290
13295
13313
13318
13323
13324
13326
13328
13331
13336
13338
13342
13343
13346
13347
13348
13370
13376
13377
13379
13382
13384
13385
13387
13393
13394
13398
13401
13402
13403
13412
13414
13416
13426
13428
13432
13433
13451
13454
13455
13457
13467
13470
13471
13472
13474
13475
13476
13481
13482
13490
13497
13498
13499
13500
13506
13521
13527
13528
13540
13543
13557
13562
13566
13567
13571
13575
13582
13584
13603
13606
13612
13616
13623
13627
13629
13634
13639
13640
13643
13646
13650
13656
13663
13668
13670
13673
13676
13677
13678
13679
13682
13684
13691
13693
13695
13697
13701
13704
13705
13706
13707
13708
13713
13715
13716
13721
13725
13729
13730
13731
13733
13735
13738
13739
13742
13762
13763
13765
13768
13771
13773
13774
13785
13787
13790
13805
13806
13808
13810
13815
13832
13835
13842
13846
13850
13851
13854
13856
13864
13868
13869
13870
13874
13876
13889
13895
13903
13910
13919
13937
13938
13939
13945
13949
13956
13958
13964
13966
13968
13970
13983
13986
13987
13988
13990
13993
14015
14017
14021
14034
14035
14038
14045
14047
14050
14054
14055
14059
14060
14061
14062
14067
14069
14077
14078
14081
14082
14086
14088
14093
14098
14105
14106
14108
14118
14124
14125
14133
14134
14135
14136
14137
14140
14142
14147
14152
14155
14158
14167
14171
14174
14175
14176
14181
14182
14194
14210
14214
14220
14221
14228
14232
14238
14246
14251
14260
14264
14269
14270
14272
14273
14278
14300
14302
14309
14313
14315
14319
14320
14327
14331
14335
14338
14344
14346
14353
14356
14357
14361
14364
14367
14368
14386
14387
14392
14394
14400
14401
14404
14407
14410
14413
14417
14427
14430
14435
14436
14437
14442
14443
14453
14454
14460
14462
14463
14466
14467
14468
14471
14472
14473
14479
14486
14489
14490
14500
14504
14505
14509
14512
14513
14516
14517
14530
14531
14534
14535
14541
14543
14545
14555
14556
14558
14559
14564
14566
14568
14571
14577
14595
14596
14598
14599
14618
14623
14634
14636
14639
14640
14645
14652
14653
14659
14660
14669
14671
14674
14675
14676
14681
14684
14685
14688
14689
14691
14698
14701
14710
14715
14716
14724
14728
14732
14740
14753
14766
14768
14779
14784
14788
14789
14795
14802
14817
14821
14822
14824
14836
14845
14846
14851
14853
14854
14856
14857
14859
14866
14875
14880
14890
14906
14908
14909
14914
14915
14932
14942
14950
14953
14957
14985
14986
15013
15023
15026
15040
15044
15050
15053
15056
15062
15068
15077
15079
15084
15093
15096
15099
15101
15103
15111
15117
15131
15134
15139
15145
15152
15164
15167
15168
15183
15196
15197
15201
15203
15206
15211
15212
15216
15218
15226
15244
15248
15266
15269
15271
15279
15290
15295
15300
15307
15313
15314
15319
15321
15332
15333
15345
15355
15362
15372
15374
15384
15388
15390
15404
15405
15419
15421
15422
15423
15424
15426
15428
15429
15431
15432
15438
15440
15441
15443
15445
15451
15452
15455
15461
15462
15465
15475
15477
15478
15485
15488
15493
15495
15508
15516
15517
15520
15521
15523
15529
15530
15540
15541
15549
15553
15555
15556
15557
15558
15565
15577
15582
15584
15585
15589
15593
15598
15609
15614
15616
15633
15635
15636
15638
15641
15652
15653
15656
15658
15661
15663
15664
15666
15672
15673
15674
15680
15687
15688
15690
15691
15693
15711
15717
15720
15728
15730
15731
15740
15754
15757
15758
15767
15768
15775
15782
15783
15786
15787
15794
15795
15798
15799
15807
15810
15812
15814
15816
15818
15824
15825
15826
15829
15832
15834
15850
15851
15859
15860
15861
15868
15878
15886
15889
15890
15893
15894
15895
15899
15902
15909
15915
15922
15925
15926
15929
15938
15939
15948
15952
15955
15961
15964
15969
15972
15979
15982
15983
15985
15989
15993
15995
15996
15999
16010
16012
16016
16017
16018
16027
16032
16053
16055
16058
16067
16068
16075
16093
16099
16106
16110
16130
16141
16142
16144
16154
16165
16167
16169
16170
16173
16180
16181
16182
16187
16188
16189
16192
16195
16196
16204
16205
16209
16212
16213
16214
16219
16221
16222
16224
16227
16228
16231
16243
16244
16245
16249
16253
16256
16257
16258
16266
16267
16271
16272
16277
16286
16288
16289
16306
16317
16319
16320
16324
16338
16339
16341
16351
16354
16355
16356
16364
16365
16370
16372
16377
16381
16382
16392
16393
16411
16419
16433
16450
16463
16465
16468
16487
16490
16504
16517
16522
16524
16529
16530
16532
16545
16561
16563
16574
16578
16584
16588
16590
16591
16593
16594
16604
16608
16609
16613
16614
16616
16620
16623
16625
16627
16632
16651
16653
16663
16669
16673
16676
16677
16679
16683
16696
16697
16707
16709
16715
16721
16726
16729
16733
16742
16745
16746
16749
16754
16758
16762
16765
16770
16788
16790
16795
16804
16819
16824
16827
16833
16835
16837
16843
16846
16859
16872
16876
16881
16894
16895
16898
16899
16900
16901
16904
16909
16913
16915
16923
16927
16929
16937
16962
16965
16981
16989
16999
17018
17021
17024
17025
17026
17028
17030
17035
17038
17050
17053
17057
17059
17062
17071
17093
17100
17102
17107
17111
17119
17120
17122
17133
17137
17148
17155
17160
17162
17168
17169
17171
17173
17176
17186
17189
17192
17195
17199
17206
17213
17216
17217
17226
17229
17231
17234
17236
17240
17242
17245
17264
17278
17282
17283
17290
17292
17295
17301
17303
17305
17308
17315
17316
17319
17320
17322
17325
17331
17337
17338
17343
17345
17346
17350
17357
17358
17377
17381
17390
17396
17406
17407
17409
17411
17426
17430
17432
17447
17453
17454
17460
17461
17465
17469
17478
17485
17510
17516
17524
17528
17533
17537
17539
17545
17548
17551
17555
17557
17562
17563
17574
17576
17577
17581
17582
17585
17586
17589
17601
17607
17609
17612
17623
17624
17631
17640
17641
17643
17644
17652
17653
17661
17667
17668
17673
17678
17679
17685
17686
17716
17718
17726
17727
17732
17744
17747
17748
17753
17758
17766
17767
17769
17777
17789
17790
17791
17794
17803
17824
17829
17837
17841
17842
17844
17848
17858
17876
17877
17881
17887
17898
17902
17907
17909
17916
17927
17937
17947
17982
17983
17984
17985
18005
18010
18012
18025
18035
18038
18041
18052
18061
18063
18070
18075
18076
18077
18079
18081
18083
18084
18085
18091
18094
18104
18105
18108
18111
18121
18124
18125
18126
18129
18132
18133
18134
18141
18148
18151
18155
18161
18164
18166
18173
18179
18182
18188
18189
18202
18205
18210
18215
18223
18230
18232
18241
18255
18256
18257
18261
18264
18273
18296
18300
18306
18307
18313
18321
18333
18341
18342
18344
18364
18371
18373
18383
18391
18399
18404
18406
18411
18442
18446
18452
18454
18456
18458
18464
18465
18471
18474
18481
18487
18489
18494
18503
18509
18525
18526
18530
18535
18537
18538
18545
18546
18547
18560
18562
18568
18570
18571
18580
18581
18582
18585
18587
18591
18598
18608
18615
18621
18623
18624
18641
18652
18658
18659
18662
18672
18684
18685
18691
18693
18710
18711
18716
18717
18720
18731
18732
18743
18744
18758
18759
18761
18762
18765
18766
18775
18777
18781
18799
18802
18805
18814
18818
18829
18836
18856
18859
18863
18865
18867
18870
18882
18885
18886
18895
18907
18916
18927
18933
18935
18942
18958
18974
18981
18995
19001
19004
19011
19019
19026
19028
19033
19087
19088
19090
19109
19130
19142
19145
19186
19188
19190
19195
19197
19230
19244
19254
19270
19274
19284
19286
19295
19303
19305
19320
19340
19343
19346
19358
19360
19376
19377
19378
19389
19391
19392
19394
19396
19397
19401
19402
19405
19406
19408
19413
19422
19431
19437
19442
19450
19452
19456
19457
19460
19463
19469
19473
19476
19484
19493
19500
19501
19506
19510
19515
19518
19548
19553
19554
19562
19563
19564
19565
19587
19590
19596
19598
19600
19610
19618
19625
19630
19641
19642
19644
19647
19665
19668
19674
19678
19683
19685
19698
19701
19716
19722
19730
19733
19736
19748
19750
19773
19775
19782
19783
19787
19789
19790
19791
19794
19800
19807
19808
19809
19816
19819
19821
19822
19825
19831
19836
19839
19842
19845
19854
19857
19871
19872
19883
19885
19908
19913
19914
19915
19917
19922
19933
19941
19947
19949
19962
19966
19969
19970
19971
19985
19987
19991
20011
20012
20019
20024
20026
20041
20043
20046
20050
20051
20052
20064
20065
20066
20071
20072
20073
20074
20078
20079
20080
20085
20086
20096
20099
20105
20128
20132
20138
20146
20149
20150
20151
20153
20154
20156
20159
20164
20168
20198
20201
20215
20217
20221
20222
20227
20237
20245
20249
20251
20256
20261
20264
20268
20273
20274
20276
20279
20285
20290
20300
20301
20314
20316
20317
20322
20348
20355
20359
20362
20364
20365
20374
20379
20399
20408
20416
20420
20424
20427
20428
20433
20445
20447
20449
20451
20452
20456
20461
20483
20484
20485
20486
20490
20492
20499
20506
20510
20515
20518
20519
20523
20524
20532
20537
20551
20563
20570
20575
20576
20582
20586
20592
20594
20598
20602
20612
20615
20618
20620
20622
20625
20645
20646
20657
20660
20671
20676
20678
20680
20683
20684
20686
20714
20716
20718
20722
20723
20725
20731
20733
20744
20747
20749
20754
20756
20758
20761
20762
20772
20789
20791
20804
20805
20811
20816
20834
20840
20843
20854
20865
20866
20870
20878
20881
20896
20912
20913
20914
20919
20922
20925
20929
20935
20936
20939
20942
20946
20950
20953
20957
20970
20974
20978
20980
20985
20987
20990
20991
20994
20996
21006
21024
21027
21037
21042
21044
21048
21051
21052
21053
21054
21055
21063
21064
21075
21076
21084
21085
21091
21094
21095
21104
21110
21113
21115
21125
21131
21135
21140
21151
21159
21167
21169
21174
21178
21182
21191
21192
21194
21195
21196
21201
21203
21206
21220
21223
21227
21228
21235
21247
21250
21255
21259
21264
21275
21281
21283
21285
21290
21298
21307
21309
21315
21318
21319
21324
21328
21333
21334
21336
21337
21346
21350
21356
21368
21379
21385
21391
21395
21398
21399
21400
21405
21408
21409
21425
21450
21464
21466
21470
21475
21476
21483
21486
21488
21500
21520
21532
21549
21550
21561
21578
21580
21581
21589
21594
21599
21605
21612
21618
21621
21624
21640
21649
21658
21667
21675
21677
21683
21684
21685
21688
21696
21697
21698
21699
21701
21703
21707
21708
21709
21711
21719
21727
21729
21737
21746
21747
21752
21753
21758
21764
21773
21785
21786
21788
21803
21810
21851
21858
21867
21869
21871
21878
21883
21887
21888
21889
21899
21907
21910
21918
21920
21921
21933
21934
21949
21956
21963
21965
21973
21977
22003
22011
22014
22018
22043
22050
22053
22061
22070
22092
22101
22112
22118
22121
22122
22138
22144
22146
22166
22173
22180
22189
22190
22199
22212
22215
22219
22224
22228
22230
22234
22239
22246
22249
22252
22271
22288
22308
22310
22335
22357
22381
22408
22416
22446
22452
22460
22485
22499
22501
22508
22525
22530
22532
22533
22537
22543
22550
22562
22566
22568
22571
22582
22606
22607
22608
22610
22613
22622
22629
22630
22632
22640
22653
22674
22678
22685
22686
22690
22695
22696
22698
22699
22702
22705
22706
22712
22714
22720
22721
22723
22730
22737
22740
22741
22746
22761
22764
22770
22783
22798
22803
22814
22822
22824
22831
22839
22855
22857
22861
22875
22880
22888
22891
22892
22893
22909
22911
22913
22918
22930
22931
22933
22936
22961
22974
22979
23036
23072
23073
23082
23101
23106
23134
23155
23157
23171
23188
23193
23209
23215
23220
23232
23240
23242
23248
23255
23262
23263
23266
23268
23270
23286
23295
23298
23311
23313
23314
23316
23325
23333
23344
23349
23358
23359
23361
23373
23377
23379
23380
23397
23400
23403
23410
23417
23435
23437
23443
23452
23459
23462
23463
23464
23474
23482
23492
23518
23520
23521
23524
23539
23556
23582
23594
23596
23616
23631
23642
23645
23654
23666
23668
23670
23677
23686
23703
23708
23712
23713
23719
23720
23731
23732
23734
23752
23806
23814
23816
23825
23838
23875
23888
23901
23911
23916
23932
23952
23981
23985
23995
23997
24000
24002
24005
24015
24019
24022
24028
24050
24071
24088
24104
24110
24111
24116
24124
24148
24160
24168
24173
24184
24192
24194
24203
24225
24226
24234
24242
24243
24254
24273
24279
24281
24287
24293
24295
24298
24301
24302
24309
24314
24319
24321
24330
24333
24344
24349
24351
24359
24361
24367
24373
24392
24413
24415
24417
24425
24431
24440
24442
24473
24485
24506
24509
24528
24531
24548
24551
24558
24600
24605
24606
24611
24630
24669
24670
24679
24683
24699
24703
24705
24710
24721
24732
24738
24739
24741
24758
24763
24775
24787
24795
24805
24824
24835
24838
24843
24848
24852
24854
24857
24860
24875
24877
24878
24895
24899
24920
24926
24946
24953
24957
24966
24975
24977
24979
24997
25012
25014
25027
25039
25045
25058
25065
25075
25083
25102
25103
25112
25121
25127
25133
25135
25138
25146
25151
25155
25164
25180
25227
25259
25260
25268
25283
25289
25303
25330
25334
25337
25338
25342
25343
25346
25363
25374
25407
25424
25429
25438
25445
25446
25449
25459
25491
25510
25511
25518
25528
25545
25551
25552
25554
25566
25567
25569
25604
25607
25615
25628
25632
25665
25668
25670
25672
25693
25699
25752
25756
25794
25803
25815
25816
25824
25832
25843
25848
25849
25852
25861
25870
25871
25878
25888
25889
25896
25905
25910
25915
25918
25928
25930
25944
25964
25989
25997
25998
26008
26013
26017
26030
26035
26053
26062
26064
26065
26098
26106
26136
26140
26146
26152
26167
26169
26183
26186
26187
26193
26218
26226
26245
26251
26257
26260
26261
26274
26287
26291
26296
26307
26321
26333
26347
26363
26369
26373
26374
26375
26376
26406
26414
26422
26426
26438
26446
26450
26472
26475
26494
26496
26498
26499
26503
26508
26509
26524
26532
26537
26552
26567
26569
26570
26596
26599
26603
26618
26622
26624
26626
26628
26637
26638
26640
26645
26662
26666
26667
26684
26689
26705
26725
26728
26735
26745
26751
26752
26755
26766
26803
26806
26818
26819
26821
