2561
7
14344
2571
16
18
1558
9240
3611
8219
2588
1054
30
34
14387
8250
1095
2121
1098
9805
84
7255
1115
7772
103
5737
108
1133
1646
115
9345
133
134
6811
155
17563
674
5282
163
18084
170
3772
19647
23237
210
212
23782
5354
3307
10475
234
19189
25849
5372
256
19722
12561
9512
13097
5424
16192
1347
6983
840
2887
850
12115
4444
1890
7016
4459
1396
25985
26503
12185
922
3997
4516
12708
10150
2473
4013
19376
14270
10689
7624
459
5072
25042
7126
12251
478
1502
6114
2020
18406
486
4077
5109
14838
1531
