Model,InitVec,Encode,Decode,Partial,NumLayer,Scorer,ScorerNumLayer,f1_micro,f1_macro,recall_0,precision_0,f1_0,labelratio_0,recall_1,precision_1,f1_1,labelratio_1,recall_2,precision_2,f1_2,labelratio_2,searchspace
baseline1,-,-,-,-,0,-,0,0.47702163822971827,0.21530789885220267,0.0,0,0,0.0,1.0,0.47702163822971827,0.645923696556608,2.096340962039194,0.0,0,0,0.0,1
baseline0,-,-,-,-,0,-,0,0.33594822514218475,0.329427407889328,0.3465,0.26658972879399884,0.3013371018588977,1.29975,0.33095792791558176,0.4781231439318947,0.39115646258503406,0.6922022749074962,0.3345,0.2651079849415494,0.2957886592240522,1.26175,1
RandomForest,-,-,-,-,0,-,0,0.557429561351899,0.5302528225681652,0.432,0.46526655896607433,0.4480165932071558,0.9285,0.6704124982869673,0.6109654052703885,0.6393099843178255,1.0973002603809785,0.47675,0.5332774049217002,0.5034318901795143,0.894,1
MLP,-,-,-,-,0,-,0,0.5529188729816303,0.47986834458278244,0.237,0.49297971918876754,0.3201080533513422,0.48075,0.8133479512128272,0.5769978611705231,0.6750838878462151,1.409620391941894,0.39375,0.510038860103627,0.44441309255079003,0.772,1
LogisticRegressor,-,-,-,-,0,-,0,0.5346800026148918,0.4438087753900262,0.16475,0.4831378299120235,0.24571215510812827,0.341,0.8251336165547485,0.5575,0.6654141570426038,1.4800602987529121,0.37475,0.47845515480370254,0.42030001401934675,0.78325,1
transformer,onehot,sum,pure,-,2,sm,1,0.5762845849802372,0.5205179540981333,0.34,0.5003679175864606,0.4048824054778208,0.6795,0.7986072423398328,0.6198918918918919,0.6979914790018259,1.2883008356545962,0.4135,0.5149439601494396,0.45867997781475317,0.803,12
transformer,onehot,RankQ,AvgAgg,-,2,sm,1,0.5843214756258235,0.5395519178942038,0.394,0.5048046124279308,0.44257231114855383,0.7805,0.771309192200557,0.6321917808219178,0.6948557089084065,1.2200557103064067,0.439,0.5324439053972104,0.4812277336256509,0.8245,14
transformer,onehot,RankQ,PrevQ,-,2,sm,1,0.5789196310935442,0.5182413736363004,0.3575,0.5074520936834634,0.4194778527427398,0.7045,0.8211699164345404,0.6139108704706372,0.7025738798856053,1.3376044568245125,0.3655,0.5300942712110225,0.4326723882805563,0.6895,14
transformer,onehot,pure,AvgAgg,-,2,sm,1,0.5513833992094862,0.48807859096620354,0.297,0.4714285714285714,0.3644171779141104,0.63,0.7972144846796657,0.5826547231270358,0.6732533521524348,1.3682451253481893,0.3645,0.5141043723554302,0.4265652428320655,0.709,13
transformer,onehot,sum,AvgAgg,-,2,sm,1,0.5844532279314888,0.5275431619250843,0.3265,0.542809642560266,0.4077427411801436,0.6015,0.815041782729805,0.6107284491755375,0.698246032692996,1.3345403899721449,0.4285,0.5369674185463659,0.47664071190211343,0.798,13
transformer,onehot,sum,pure,partial,2,sm,1,0.5330698287220026,0.3850922132777131,0.0865,0.34189723320158105,0.1380686352753392,0.253,0.949025069637883,0.5540738331436006,0.6996611561761987,1.7128133704735375,0.233,0.4983957219251337,0.31754684838160135,0.4675,1
gat,onehot,sum,-,-,2,sm,1,0.5205533596837945,0.35624370610632755,0.1365,0.4634974533106961,0.21089223638470453,0.2945,0.9649025069637883,0.5292589763177998,0.6835717809570794,1.8231197771587744,0.107,0.4692982456140351,0.1742671009771987,0.228,1
transformer,onehot,pure,PrevQ,-,2,gru,1,0.2635046113306983,0.13903371567605147,1.0,0.2635046113306983,0.4171011470281544,3.795,0.0,0,0,0.0,0.0,0,0,0.0,2
gat,onehot,-,-,-,2,sm,1,0.5059288537549407,0.31493944670337154,0.057,0.475,0.10178571428571427,0.12,0.9788300835654596,0.5092753623188406,0.6699714013346044,1.9220055710306407,0.106,0.4711111111111111,0.1730612244897959,0.225,2
transformer,onehot,pure,pure,-,2,sm,1,0.49683794466403164,0.30933510954499116,0.195,0.3884462151394422,0.2596537949400799,0.502,0.9406685236768803,0.5135340632603407,0.6643714341924061,1.8317548746518106,0.002,0.4,0.003980099502487562,0.005,12
hnhn,onehot,-,-,-,2,sm,1,0.5101449275362319,0.411807473830887,0.197,0.4178154825026511,0.2677539925246347,0.4715,0.8337047353760446,0.5408384531984098,0.6560718982902236,1.5415041782729806,0.2425,0.435759209344115,0.3115965306778028,0.5565,9
transformer,onehot,PosEnc,PrevQ,-,2,sm,1,0.5757575757575758,0.503354888537729,0.3065,0.5252784918594687,0.3871171455636249,0.5835,0.8534818941504179,0.5990224828934506,0.7039632395175187,1.424791086350975,0.3465,0.5298165137614679,0.41898428053204345,0.654,12
transformer,onehot,sum,PrevQ,-,2,sm,1,0.5823451910408433,0.5214476968302488,0.3295,0.5197160883280757,0.4033047735618115,0.634,0.8250696378830084,0.6136316552724259,0.7038137103481051,1.3445682451253482,0.3995,0.534448160535117,0.45722460658082975,0.7475,13
transformer,onehot,PosEnc,AvgAgg,-,2,sm,1,0.5770750988142292,0.5114920805189896,0.332,0.5123456790123457,0.4029126213592233,0.648,0.835933147632312,0.6033373542420587,0.7008407286314806,1.3855153203342618,0.3575,0.5416666666666666,0.43072289156626503,0.66,12
transformer,onehot,PosEnc,PrevQ,-,2,gru,1,0.2635046113306983,0.13903371567605147,1.0,0.2635046113306983,0.4171011470281544,3.795,0.0,0,0,0.0,0.0,0,0,0.0,2
transformer,onehot,PosEnc,pure,-,2,sm,1,0.5768115942028985,0.5099350507948949,0.331,0.5108024691358025,0.40169902912621364,0.648,0.8384401114206128,0.6055119694226514,0.7031888798037612,1.3846796657381615,0.353,0.5336356764928194,0.4249172434547096,0.6615,12
transformer,onehot,sum,pure,-,2,gru,1,0.577733860342556,0.51444499973217,0.371,0.4940079893475366,0.4237578526556253,0.751,0.8259052924791086,0.6165522977750052,0.7060364329086797,1.3395543175487465,0.339,0.5301016419077405,0.41354071363220496,0.6395,2
transformer,onehot,pure,AvgAgg,-,2,gru,1,0.47299077733860345,0.21407274895646988,0.0,0,0,0.0,1.0,0.47299077733860345,0.6422182468694096,2.114206128133705,0.0,0,0,0.0,2
transformer,onehot,pure,pure,-,2,gru,1,0.5338603425559947,0.41814168364146226,0.4705,0.39738175675675674,0.43086080586080583,1.184,0.8272980501392758,0.6156716417910447,0.7059662467316377,1.3437325905292479,0.0705,0.3542713567839196,0.11759799833194327,0.199,2
transformer,onehot,pure,pure,partial,2,sm,1,0.47299077733860345,0.21407274895646988,0.0,0,0,0.0,1.0,0.47299077733860345,0.6422182468694096,2.114206128133705,0.0,0,0,0.0,1
transformer,onehot,RankQ,AvgAgg,-,2,gru,1,0.5756258234519104,0.5004586381729542,0.303,0.5058430717863105,0.3789868667917448,0.599,0.86016713091922,0.6012461059190031,0.7077698831079533,1.4306406685236768,0.3375,0.5374203821656051,0.4146191646191646,0.628,1
transformer,onehot,sum,AvgAgg,-,2,gru,1,0.2635046113306983,0.13903371567605147,0.0,0,0,0.0,0.0,0,0,0.0,1.0,0.2635046113306983,0.4171011470281544,3.795,2
transformer,onehot,PosEnc,AvgAgg,-,2,gru,1,0.2635046113306983,0.13903371567605147,0.0,0,0,0.0,0.0,0,0,0.0,1.0,0.2635046113306983,0.4171011470281544,3.795,1
transformer,onehot,sum,PrevQ,-,2,gru,1,0.5881422924901186,0.5305727975687269,0.3735,0.5205574912891986,0.43493449781659393,0.7175,0.8239554317548746,0.6183110367892977,0.7064724146166707,1.3325905292479108,0.3795,0.5536105032822757,0.450311480272916,0.6855,3
transformer,onehot,RankQ,pure,-,2,sm,1,0.5795783926218708,0.522745384213656,0.362,0.49827942188575364,0.4193454966695627,0.7265,0.8094707520891364,0.6173783726364989,0.7004941545136796,1.3111420612813371,0.3845,0.5377622377622377,0.4483965014577259,0.715,13
transformer,onehot,pure,PrevQ,-,2,sm,1,0.5749670619235837,0.4958790230426445,0.27,0.5416248746238717,0.3603603603603604,0.4985,0.8704735376044568,0.5902908953532301,0.7035119315623595,1.4746518105849582,0.3495,0.5381062355658198,0.42376477720521366,0.6495,13
transformer,onehot,RankQ,PrevQ,-,2,gru,1,0.47299077733860345,0.21407274895646988,0.0,0,0,0.0,1.0,0.47299077733860345,0.6422182468694096,2.114206128133705,0.0,0,0,0.0,2
transformer,adj,sum,pure,-,2,sm,1,0.5989459815546772,0.5514972019471642,0.3535,0.5674157303370787,0.43561306223043744,0.623,0.8064066852367688,0.6108883730744883,0.6951614839716653,1.3200557103064068,0.472,0.5881619937694704,0.5237170596393897,0.8025,5
transformer,adj,RankQ,AvgAgg,-,2,sm,1,0.5901185770750988,0.5701194115542563,0.466,0.531054131054131,0.496404793608522,0.8775,0.6724233983286908,0.6384554350700873,0.6549993216659883,1.0532033426183844,0.5665,0.5516066212268744,0.5589541193882586,1.027,2
transformer,adj,pure,AvgAgg,-,2,sm,1,0.5828722002635046,0.5429368868177583,0.3945,0.5177165354330708,0.44778660612939836,0.762,0.7557103064066852,0.6195478419730532,0.6808884427155227,1.2197771587743733,0.461,0.5465323058684054,0.5001356116083537,0.8435,6
transformer,adj,sum,AvgAgg,-,2,sm,1,0.6042160737812912,0.5676548133435618,0.3895,0.5698610095098756,0.4627264627264627,0.6835,0.7671309192200557,0.6259090909090909,0.6893617021276596,1.2256267409470751,0.5265,0.5776193088315963,0.550876275176563,0.9115,3
transformer,adj,sum,pure,partial,2,sm,1,0.5281949934123847,0.4339538252528002,0.1935,0.43385650224215244,0.2676348547717842,0.446,0.8373259052924791,0.5895273583055501,0.6919093106226264,1.42033426183844,0.308,0.38524077548467794,0.34231731036399005,0.7995,1
gat,adj,sum,-,-,2,sm,1,0.5,0.38197874210856836,0.1925,0.38615847542627885,0.2569235902569236,0.4985,0.8635097493036211,0.5070330389270526,0.638911788953009,1.7030640668523678,0.155,0.6471816283924844,0.25010084711577246,0.2395,5
transformer,adj,pure,AvgAggRes,-,2,sm,1,0.5303030303030303,0.4460345567368374,0.265,0.5150631681243926,0.3499504787058435,0.5145,0.8373259052924791,0.5289459792363188,0.6483338725331607,1.583008356545961,0.2445,0.5569476082004556,0.339819318971508,0.439,1
gat,adj,-,-,-,2,sm,1,0.49960474308300395,0.40123252068318277,0.1915,0.3932238193018481,0.25756556825823806,0.487,0.826740947075209,0.5102286401925391,0.6310194535983842,1.6203342618384402,0.2205,0.5519399249061326,0.315112540192926,0.3995,4
transformer,adj,pure,pure,-,2,sm,1,0.3894598155467721,0.38246997192830606,0.7975,0.3076181292189007,0.4439805149617258,2.5925,0.18690807799442896,0.6122262773722628,0.28638497652582157,0.3052924791086351,0.345,0.5271199388846448,0.4170444242973708,0.6545,6
hnhn,adj,-,-,-,2,sm,1,0.46389986824769436,0.4217965999689703,0.298,0.3549731983323407,0.3240010872519707,0.8395,0.6284122562674095,0.5289566236811254,0.5744112030553787,1.1880222841225627,0.3345,0.40643985419198053,0.3669775095995612,0.823,4
transformer,adj,RankQ,AvgAggRes,-,2,sm,1,0.6046113306982872,0.5797097785215403,0.492,0.5359477124183006,0.5130344108446299,0.918,0.716991643454039,0.6477101157523906,0.6805922792173454,1.1069637883008356,0.5155,0.5792134831460675,0.5455026455026456,0.89,1
transformer,adj,pure,pure,partial,2,sm,1,0.46561264822134385,0.2932273535031947,0.002,0.2857142857142857,0.003972194637537239,0.007,0.8749303621169916,0.4825626056229836,0.6220417863154768,1.813091922005571,0.1945,0.36457357075913777,0.25366807955656995,0.5335,1
transformer,adj,sum,AvgAggRes,-,2,sm,1,0.5967061923583663,0.5662097765279507,0.4775,0.5392433653303218,0.5064969504110315,0.8855,0.7415041782729805,0.6213818860877685,0.6761493522987047,1.1933147632311978,0.456,0.5941368078175896,0.515983026874116,0.7675,1
transformer,adj,RankQ,pure,-,2,sm,1,0.607905138339921,0.5596485961514975,0.372,0.5835294117647059,0.4543511450381679,0.6375,0.824791086350975,0.6138059701492538,0.7038269550748752,1.3437325905292479,0.4545,0.6096579476861167,0.5207676883414495,0.7455,5
transformer,rw,sum,pure,-,2,sm,1,0.7357048748353097,0.7157005239909244,0.758,0.7629592350276799,0.7604715324805619,0.9935,0.8454038997214485,0.7219314938154139,0.7788042083654093,1.1710306406685236,0.5165,0.7383845604002859,0.607825831126802,0.6995,5
transformer,rw,RankQ,AvgAgg,-,2,sm,1,0.7681159420289855,0.751284592557652,0.806,0.8262429523321374,0.8159959503923059,0.9755,0.873816155988858,0.7388130004710316,0.8006636038795304,1.1827298050139277,0.5405,0.7760229720028715,0.63719422340112,0.6965,16
transformer,rw,RankQ,PrevQ,-,2,sm,1,0.6037368625924484,0.537213898447877,0.319,0.6018867924528302,0.41699346405228765,0.53,0.8764499595360129,0.5879478827361564,0.7037799198527023,1.4906932829781494,0.383,0.6833184656556646,0.4908683114386414,0.5605,1
transformer,rw,pure,AvgAgg,-,2,sm,1,0.7303030303030303,0.7194979843188194,0.8145,0.7569702602230484,0.7846820809248556,1.076,0.7715877437325905,0.7428264950388844,0.7569340073780572,1.0387186629526461,0.572,0.6693973083674664,0.6168778646535453,0.8545,16
transformer,rw,sum,AvgAgg,-,2,sm,1,0.7569169960474308,0.7428382095279354,0.832,0.7793911007025761,0.8048367593712212,1.0675,0.8264623955431755,0.7486752460257381,0.7856480868529061,1.103899721448468,0.557,0.7466487935656837,0.6380297823596793,0.746,2
transformer,rw,sum,pure,partial,2,sm,1,0.541897233201581,0.4447470792779295,0.717,0.41337561256846356,0.5244103126714208,1.7345,0.7047353760445683,0.649217346676931,0.6758381194069721,1.0855153203342618,0.0745,0.6651785714285714,0.13399280575539568,0.112,1
transformer,rw,pure,AvgAggRes,-,2,sm,1,0.6712779973649539,0.6503894739560607,0.6,0.8368200836820083,0.69889341875364,0.717,0.824791086350975,0.6351351351351351,0.7176442074648569,1.298607242339833,0.467,0.6251673360107095,0.5346307956496851,0.747,1
gat,rw,-,-,-,2,sm,1,0.49828722002635045,0.4387972026014073,0.346,0.44217252396166135,0.388218793828892,0.7825,0.7194986072423398,0.5492238996385286,0.6229350054262631,1.3100278551532034,0.2535,0.3835098335854766,0.30523780854906685,0.661,7
transformer,rw,pure,pure,-,2,sm,1,0.4496706192358366,0.24361256034405743,0.0735,0.23557692307692307,0.11204268292682926,0.312,0.9097493036211699,0.46884869365489523,0.618794998105343,1.9403899721448468,0.0,0,0,0.0,6
hnhn,rw,-,-,-,2,sm,1,0.5212121212121212,0.4933906641419523,0.542,0.5584750128799588,0.5501141842172038,0.9705,0.63008356545961,0.5693430656934306,0.5981753272510908,1.1066852367688023,0.305,0.3639618138424821,0.33188248095756256,0.838,9
transformer,rw,RankQ,AvgAggRes,-,2,sm,1,0.7596837944664031,0.7539747498702911,0.826,0.8360323886639676,0.8309859154929577,0.988,0.7938718662952646,0.759594882729211,0.7763552165622447,1.045125348189415,0.632,0.6788399570354458,0.6545831175556708,0.931,1
transformer,rw,RankQ,AvgAgg,partial,2,sm,1,0.6067193675889329,0.5310467552723402,0.5415,0.5706006322444679,0.5556695741405849,0.949,0.8612813370473538,0.625910931174089,0.724970691676436,1.3760445682451254,0.215,0.5718085106382979,0.3125,0.376,16
transformer,rw,pure,pure,partial,2,sm,1,0.4728590250329381,0.3530297141911,0.59,0.38052241212512095,0.46265438149382476,1.5505,0.6710306406685237,0.5367647058823529,0.5964347610794751,1.2501392757660168,0.0,0.0,0,0.0005,1
transformer,rw,sum,AvgAggRes,-,2,sm,1,0.7396574440052701,0.7336838849742099,0.8505,0.7806333180357963,0.8140703517587939,1.0895,0.7434540389972145,0.7709416522241479,0.7569483834373227,0.9643454038997215,0.622,0.638276038994356,0.6300329197265131,0.9745,1
transformer,rw,RankQ,pure,-,2,sm,1,0.7283267457180501,0.718826417116892,0.7305,0.784219001610306,0.7564069376132541,0.9315,0.7880222841225627,0.7319534282018111,0.758953722334004,1.0766016713091922,0.619,0.664876476906552,0.6411185914034179,0.931,5
