Model,InitVec,Encode,Decode,Partial,NumLayer,Scorer,ScorerNumLayer,NumHead,Sampling,f1_micro,f1_macro,recall_0,precision_0,f1_0,labelratio_0,recall_1,precision_1,f1_1,labelratio_1,recall_2,precision_2,f1_2,labelratio_2,searchspace
baseline1,-,-,-,-,0,-,0,-,-,0.47702163822971827,0.21530789885220267,0.0,0,0,0.0,1.0,0.47702163822971827,0.645923696556608,2.096340962039194,0.0,0,0,0.0,1
baseline0,-,-,-,-,0,-,0,-,-,0.3384977446558149,0.3311393496271416,0.341,0.26656243892906,0.299221235055391,1.27925,0.3393175277511306,0.48031037827352085,0.3976871185351751,0.7064547074140057,0.3345,0.2662686567164179,0.29650969529085874,1.25625,1
transformer,onehot,sum,pure,-,2,sm,1,4,-1,0.5852437417654809,0.5249183391684603,0.3485,0.5197613721103654,0.4172403472014367,0.6705,0.8311977715877438,0.6087311301509588,0.7027790861987754,1.365459610027855,0.3805,0.5649591685226429,0.4547355841051688,0.6735,1
transformer,onehot,RankQ,AvgAgg,-,2,sm,1,4,-1,0.5981554677206851,0.5445791664965801,0.3995,0.5218811234487263,0.45256301331067683,0.7655,0.8264623955431755,0.6204516938519448,0.7087912087912087,1.332033426183844,0.387,0.60610806577917,0.47238327738785474,0.6385,1
transformer,onehot,RankQ,PrevQ,-,2,sm,1,4,-1,0.605270092226614,0.5572143760451159,0.38,0.5642167780252413,0.4541380340603526,0.6735,0.8147632311977716,0.6252672082086361,0.7075471698113207,1.3030640668523676,0.4545,0.5808306709265175,0.5099579242636747,0.7825,1
transformer,onehot,pure,AvgAgg,-,2,sm,1,4,-1,0.5523056653491436,0.49264232349122733,0.303,0.4694035631293571,0.3682771194165907,0.6455,0.7874651810584958,0.583849648905411,0.6705407969639469,1.3487465181058496,0.3795,0.5209334248455731,0.4391090540931444,0.7285,1
transformer,onehot,sum,AvgAgg,-,2,sm,1,4,-1,0.6011857707509881,0.54319280536117,0.433,0.5405742821473158,0.4808439755691282,0.801,0.8448467966573816,0.6101388050694025,0.708562083868707,1.3846796657381615,0.332,0.6529006882989183,0.4401723566456745,0.5085,1
transformer,onehot,sum,pure,partial,2,sm,1,4,-1,0.5444005270092227,0.4291505001913593,0.31,0.4036458333333333,0.3506787330316742,0.768,0.8972144846796657,0.583831792640928,0.7073679587130778,1.5367688022284123,0.1455,0.5418994413407822,0.22940480882932598,0.2685,1
gat,onehot,sum,-,-,2,sm,1,4,-1,0.5239789196310936,0.3660294833824147,0.193,0.4584323040380047,0.2716396903589022,0.421,0.9543175487465181,0.5354798374492029,0.6860232278734482,1.7821727019498608,0.0825,0.4714285714285714,0.14042553191489363,0.175,1
transformer,onehot,pure,PrevQ,-,2,gru,1,4,-1,0.2635046113306983,0.13903371567605147,1.0,0.2635046113306983,0.4171011470281544,3.795,0.0,0,0,0.0,0.0,0,0,0.0,1
gat,onehot,-,-,-,2,sm,1,4,-1,0.5088274044795784,0.32383958004716284,0.1345,0.4513422818791946,0.20724191063174113,0.298,0.9727019498607242,0.513604941903221,0.6722494946578111,1.8938718662952647,0.0505,0.517948717948718,0.09202733485193622,0.0975,1
transformer,onehot,pure,pure,-,2,sm,1,4,-1,0.4210803689064559,0.3937971458683395,0.734,0.3146163737676811,0.44044404440444046,2.333,0.3779944289693593,0.6196347031963471,0.4695501730103806,0.6100278551532033,0.1855,0.5054495912806539,0.2713972201901975,0.367,1
hnhn,onehot,-,-,-,2,sm,1,4,-1,0.5050065876152833,0.42955636919403184,0.2275,0.3898886032562125,0.28733817492895486,0.5835,0.7701949860724234,0.5553323960634665,0.6453495156961139,1.386908077994429,0.3065,0.4245152354570637,0.35598141695702673,0.722,1
transformer,onehot,PosEnc,PrevQ,-,2,sm,1,4,-1,0.5903820816864295,0.5256889598881728,0.3475,0.5468135326514555,0.42494649954142455,0.6355,0.8532033426183844,0.6048578199052133,0.7078807487866884,1.4105849582172703,0.3615,0.5760956175298805,0.4442396313364055,0.6275,1
transformer,onehot,sum,PrevQ,-,2,sm,1,4,-1,0.6094861660079052,0.5594469586756651,0.387,0.5789080029917726,0.4638897213065628,0.6685,0.8306406685236769,0.621897810218978,0.7112701252236135,1.3356545961002786,0.435,0.5967078189300411,0.503181029496819,0.729,1
transformer,onehot,PosEnc,AvgAgg,-,2,sm,1,4,-1,0.5878787878787879,0.5282646160129428,0.3105,0.550531914893617,0.39705882352941174,0.564,0.826740947075209,0.6094455852156058,0.7016548463356975,1.3565459610027855,0.4365,0.5483668341708543,0.48608017817371935,0.796,1
transformer,onehot,PosEnc,PrevQ,-,2,gru,1,4,-1,0.2635046113306983,0.13903371567605147,1.0,0.2635046113306983,0.4171011470281544,3.795,0.0,0,0,0.0,0.0,0,0,0.0,1
transformer,onehot,PosEnc,pure,-,2,sm,1,4,-1,0.5778656126482213,0.5099246538721145,0.3235,0.5205148833467418,0.3990132593277829,0.6215,0.8442896935933147,0.6010311322625421,0.702189273717132,1.4047353760445682,0.354,0.5429447852760736,0.42857142857142855,0.652,1
transformer,onehot,sum,pure,-,2,gru,1,4,-1,0.5761528326745718,0.5115255213208251,0.335,0.50187265917603,0.40179910044977507,0.6675,0.8303621169916434,0.607995105037732,0.7019898740138937,1.3657381615598885,0.361,0.5340236686390533,0.43078758949880663,0.676,1
transformer,onehot,pure,AvgAgg,-,2,gru,1,4,-1,0.2635046113306983,0.13903371567605147,0.0,0,0,0.0,0.0,0,0,0.0,1.0,0.2635046113306983,0.4171011470281544,3.795,1
transformer,onehot,pure,pure,-,2,gru,1,4,-1,0.5335968379446641,0.44676456986087865,0.3135,0.38161898965307367,0.34422179522371676,0.8215,0.8272980501392758,0.6156716417910447,0.7059662467316377,1.3437325905292479,0.2265,0.40338379341050756,0.29010566762728146,0.5615,1
transformer,onehot,pure,pure,partial,2,sm,1,4,-1,0.47299077733860345,0.21407274895646988,0.0,0,0,0.0,1.0,0.47299077733860345,0.6422182468694096,2.114206128133705,0.0,0,0,0.0,1
transformer,onehot,RankQ,AvgAgg,-,2,gru,1,4,-1,0.5757575757575758,0.5056287243948102,0.335,0.5048982667671439,0.40276525398256685,0.6635,0.8467966573816156,0.6030549494147986,0.7044374927586606,1.4041782729805015,0.33,0.5400981996726678,0.40968342644320305,0.611,1
transformer,onehot,sum,AvgAgg,-,2,gru,1,4,-1,0.2635046113306983,0.13903371567605147,1.0,0.2635046113306983,0.4171011470281544,3.795,0.0,0,0,0.0,0.0,0,0,0.0,1
transformer,onehot,PosEnc,AvgAgg,-,2,gru,1,4,-1,0.2635046113306983,0.13903371567605147,0.0,0,0,0.0,0.0,0,0,0.0,1.0,0.2635046113306983,0.4171011470281544,3.795,1
transformer,onehot,sum,PrevQ,-,2,gru,1,4,-1,0.5964426877470356,0.5373235121121535,0.353,0.5494163424124514,0.4298325722983257,0.6425,0.8426183844011143,0.6128444084278768,0.7095941825005864,1.3749303621169917,0.398,0.581446311176041,0.4725437815375483,0.6845,1
transformer,onehot,RankQ,pure,-,2,sm,1,4,-1,0.5862977602108037,0.5265842093500387,0.351,0.5192307692307693,0.418854415274463,0.676,0.8295264623955432,0.6123791898005346,0.7046019164793564,1.3545961002785516,0.385,0.56,0.4562962962962963,0.6875,1
transformer,onehot,pure,PrevQ,-,2,sm,1,4,-1,0.5862977602108037,0.5252580564121409,0.32,0.5446808510638298,0.40314960629921265,0.5875,0.8328690807799443,0.6061220352726535,0.7016308811451366,1.3740947075208914,0.41,0.553306342780027,0.47099368179207346,0.741,1
transformer,onehot,RankQ,PrevQ,-,2,gru,1,4,-1,0.47299077733860345,0.21407274895646988,0.0,0,0,0.0,1.0,0.47299077733860345,0.6422182468694096,2.114206128133705,0.0,0,0,0.0,1
transformer,adj,sum,pure,-,2,sm,1,4,-1,0.6017127799736496,0.5607516898029407,0.415,0.5478547854785478,0.4722617354196301,0.7575,0.7927576601671309,0.614156236512732,0.6921206225680934,1.290807799442897,0.4455,0.6183206106870229,0.5178727114210986,0.7205,1
transformer,adj,RankQ,AvgAgg,-,2,sm,1,4,-1,0.5993412384716732,0.5740682147892603,0.493,0.510880829015544,0.5017811704834606,0.965,0.7200557103064067,0.633578431372549,0.6740547588005215,1.1364902506963788,0.489,0.6189873417721519,0.5463687150837988,0.79,1
transformer,adj,pure,AvgAgg,-,2,sm,1,4,-1,0.5862977602108037,0.5564929376955061,0.4205,0.5387572069186419,0.4723392305532154,0.7805,0.7236768802228413,0.6130250117980179,0.6637710781808892,1.1805013927576602,0.5055,0.5644891122278057,0.5333685043524136,0.8955,1
transformer,adj,sum,AvgAgg,-,2,sm,1,4,-1,0.5989459815546772,0.5781268233002999,0.4845,0.5283533260632497,0.5054773082942097,0.917,0.6880222841225627,0.6474442988204456,0.6671168129642134,1.0626740947075208,0.5535,0.5703245749613601,0.5617863486424766,0.9705,1
transformer,adj,sum,pure,partial,2,sm,1,4,-1,0.5156785243741765,0.42416576655984417,0.1475,0.4263005780346821,0.2191679049034175,0.346,0.796100278551532,0.5884290714432777,0.676689949094353,1.3529247910863509,0.3805,0.3728564429201372,0.376639445681762,1.0205,1
gat,adj,sum,-,-,2,sm,1,4,-1,0.505270092226614,0.4252129965305711,0.238,0.40963855421686746,0.30107526881720426,0.581,0.7944289693593315,0.5171350861287398,0.6264689730917079,1.5362116991643453,0.2535,0.5553121577217963,0.3480947476828012,0.4565,1
transformer,adj,pure,AvgAggRes,-,2,sm,1,4,-1,0.5376811594202898,0.457562567792003,0.2775,0.5050045495905369,0.35818005808325265,0.5495,0.8356545961002786,0.5398596364945114,0.6559527714004592,1.5479108635097494,0.263,0.563169164882227,0.35855487389229723,0.467,1
gat,adj,-,-,-,2,sm,1,4,-1,0.5054018445322793,0.4293259878591873,0.2375,0.3945182724252492,0.29650436953807735,0.602,0.783008356545961,0.5248319641523524,0.6284372904091214,1.4919220055710307,0.275,0.5339805825242718,0.3630363036303631,0.515,1
transformer,adj,pure,pure,-,2,sm,1,4,-1,0.5042160737812912,0.4579731509403211,0.244,0.36941710825132473,0.29388738331827763,0.6605,0.6724233983286908,0.5551977920883164,0.6082136558327035,1.211142061281337,0.4625,0.4815200416449766,0.4718184136699822,0.9605,1
hnhn,adj,-,-,-,2,sm,1,4,-1,0.4635046113306983,0.4319226962313194,0.3215,0.3689041881812966,0.3435746727224152,0.8715,0.5891364902506964,0.5298096192384769,0.5579002901609075,1.1119777158774373,0.38,0.40970350404312667,0.3942931258106356,0.9275,1
transformer,adj,RankQ,AvgAggRes,-,2,sm,1,4,-1,0.5868247694334651,0.5664251011468777,0.49,0.5128205128205128,0.5011506008693429,0.9555,0.6763231197771588,0.6334463866423167,0.6541829449009834,1.0676880222841225,0.523,0.5666305525460456,0.5439417576703068,0.923,1
transformer,adj,pure,pure,partial,2,sm,1,4,-1,0.4728590250329381,0.28780329939434474,0.0045,0.45,0.00891089108910891,0.01,0.9100278551532034,0.48171630787378356,0.6299652911685307,1.8891364902506964,0.1565,0.39720812182741116,0.22453371592539456,0.394,1
transformer,adj,sum,AvgAggRes,-,2,sm,1,4,-1,0.5992094861660079,0.5653098011092518,0.4755,0.5532286212914486,0.5114278031728958,0.8595,0.7601671309192201,0.6172811581090251,0.6813131943577581,1.2314763231197772,0.434,0.5986206896551725,0.5031884057971016,0.725,1
transformer,adj,RankQ,pure,-,2,sm,1,4,-1,0.6038208168642951,0.5727873415430861,0.409,0.5664819944598338,0.47502903600464574,0.722,0.7373259052924791,0.6384466956102267,0.6843329886246122,1.154874651810585,0.559,0.559,0.559,1.0,1
transformer,rw,sum,pure,-,2,sm,1,4,-1,0.7487483530961792,0.7345624400480656,0.7315,0.824225352112676,0.7750993377483443,0.8875,0.852924791086351,0.7250769595074592,0.7838218354025343,1.1763231197771589,0.579,0.7273869346733668,0.6447661469933185,0.796,1
transformer,rw,RankQ,AvgAgg,-,2,sm,1,4,-1,0.7760210803689065,0.7660804309777332,0.8445,0.8116290245074483,0.8277382994364126,1.0405,0.824791086350975,0.7777777777777778,0.8005948357442206,1.0604456824512536,0.62,0.7285546415981199,0.6699081577525661,0.851,1
transformer,rw,RankQ,PrevQ,-,2,sm,1,4,-1,0.7216815881666018,0.7060893882956666,0.732,0.8399311531841652,0.7822602190756078,0.8715,0.8216886970596169,0.705909617612978,0.7594116180503615,1.164014027515511,0.526,0.6379624014554275,0.5765963277610304,0.8245,1
transformer,rw,pure,AvgAgg,-,2,sm,1,4,-1,0.7417654808959157,0.7315902258131772,0.8035,0.7920157713159192,0.797716554976421,1.0145,0.7899721448467967,0.7516565067585476,0.7703381773733534,1.050974930362117,0.5935,0.6638702460850112,0.6267159450897571,0.894,1
transformer,rw,RankQ,PrevQ,-,1,sm,1,4,-1,0.5938756974179318,0.5726534497035511,0.49,0.5417357656163626,0.5145707534786033,0.9045,0.6768276234151606,0.6451529956286963,0.6606108478146393,1.0490963042891825,0.544,0.5415629666500746,0.5427787478174109,1.0045,1
transformer,rw,sum,AvgAgg,-,2,sm,1,4,-1,0.7666666666666667,0.7510508386720343,0.8425,0.8019990480723465,0.8217507924896367,1.0505,0.8470752089136491,0.7516065249629263,0.7964903090623363,1.1270194986072424,0.5465,0.7574497574497574,0.63491141446413,0.7215,1
transformer,rw,sum,pure,partial,2,sm,1,4,-1,0.511725955204216,0.4009808055168971,0.7745,0.38351076999257244,0.5129988408676933,2.0195,0.6381615598885794,0.6566351390083118,0.6472665630738804,0.971866295264624,0.022,0.7096774193548387,0.042677012609117354,0.031,1
gat,rw,sum,-,-,2,sm,1,4,-1,0.48155467720685113,0.2954957112406033,0.0035,0.5,0.006951340615690169,0.007,0.9206128133704735,0.49894323671497587,0.6471509692578814,1.845125348189415,0.1715,0.3602941176470588,0.23238482384823847,0.476,1
transformer,rw,pure,AvgAggRes,-,2,sm,1,4,-1,0.6957839262187089,0.694207957085998,0.744,0.8175824175824176,0.7790575916230366,0.91,0.7133704735376044,0.7100083171610757,0.7116854244824232,1.0047353760445683,0.616,0.56957928802589,0.5918808551525343,1.0815,1
gat,rw,-,-,-,2,sm,1,4,-1,0.5114624505928854,0.4437220460353093,0.3215,0.49499615088529636,0.38981509548347987,0.6495,0.7635097493036211,0.5451471758154336,0.6361104664655373,1.4005571030640669,0.249,0.39429928741092635,0.3052405761569108,0.6315,1
transformer,rw,pure,pure,-,2,sm,1,4,-1,0.5325029194239004,0.49679186946013815,0.366,0.43211334120425027,0.39631835408770977,0.847,0.6795252225519288,0.5714609800362976,0.6208256315465188,1.1891016994874561,0.4265,0.5314641744548286,0.47323162274618585,0.8025,1
transformer,rw,RankQ,PrevQ,partial,2,sm,1,4,-1,0.5444401193719994,0.5186701680756359,0.4565,0.45764411027568924,0.4570713391739674,0.9975,0.6360938764499595,0.630987423066631,0.6335303600214938,1.0080927974103049,0.4625,0.46835443037974683,0.4654088050314466,0.9875,1
hnhn,rw,-,-,-,2,sm,1,4,-1,0.5028985507246376,0.4901206200346791,0.57,0.5290023201856149,0.5487364620938627,1.0775,0.537883008356546,0.5783168613357292,0.5573675855101747,0.93008356545961,0.373,0.35591603053435117,0.3642578125,1.048,1
transformer,rw,RankQ,AvgAggRes,-,2,sm,1,4,-1,0.7546772068511199,0.7524896765157707,0.842,0.8267059401080019,0.8342828833292049,1.0185,0.7484679665738162,0.786132241076653,0.7668378995433791,0.9520891364902507,0.6785,0.6355971896955503,0.656348246674728,1.0675,1
transformer,rw,RankQ,AvgAgg,partial,2,sm,1,4,-1,0.6318840579710145,0.5847897805864906,0.592,0.6284501061571125,0.6096807415036045,0.942,0.8194986072423398,0.6559643255295429,0.7286687306501548,1.2493036211699164,0.335,0.5487305487305487,0.4160198696057125,0.6105,1
transformer,rw,pure,pure,partial,2,sm,1,4,-1,0.4774703557312253,0.3683480614001539,0.6715,0.38736659936544565,0.49131150539601254,1.7335,0.6292479108635097,0.5601289362757252,0.5926800472255017,1.1233983286908078,0.011,0.24444444444444444,0.021052631578947368,0.045,1
transformer,rw,sum,AvgAggRes,-,2,sm,1,4,-1,0.7466403162055336,0.7381506949179147,0.8555,0.7866666666666666,0.8196407185628742,1.0875,0.7707520891364903,0.7620490223079042,0.766375848220468,1.0114206128133705,0.5945,0.6664798206278026,0.6284355179704016,0.892,1
transformer,rw,RankQ,pure,-,2,sm,1,4,-1,0.7440052700922266,0.7275380641455397,0.8005,0.7660287081339713,0.782885085574572,1.045,0.8295264623955432,0.7329559438838297,0.7782568927218084,1.1317548746518107,0.534,0.7432150313152401,0.6214722141402387,0.7185,1
