node	eigenvec
380	6.286601645438956e-13
381	5.670253340441874e-13
382	2.507599667790633e-12
383	5.670253340441874e-13
507	0.00040926673967445773
508	0.009425868371707759
509	0.00040926673967445773
593	1.2459641929744158e-11
604	1.2459641929744158e-11
605	7.440848149309643e-12
606	7.440848149309643e-12
607	6.615342115088508e-12
599	8.30513925163631e-12
750	0.0008630282599611638
751	0.0008630282599611638
752	0.0008630282599611638
753	0.0008644899123189858
754	0.0008630282599611638
755	0.0008630282599611638
756	0.0008727206039860806
757	0.0008727206039860806
758	0.0008630282599611637
759	0.0008630282599611637
760	0.0008630282599611637
65	0.0008644926027366676
761	0.0008630282599611637
762	0.0008630282599611637
967	2.7114267153735064e-10
968	3.9916208464768075e-10
969	1.5801844041424702e-09
1011	7.888437492182186e-05
1012	6.094767524862311e-05
1013	0.00013856773861776103
1014	0.001248051296572133
1015	6.094767524862311e-05
1219	3.6269827240050096e-05
1404	8.594640444863161e-08
1405	5.236241826990003e-09
1406	6.952025291013161e-09
1407	6.952025291013161e-09
1408	6.952025291013161e-09
1409	7.278401261499608e-09
1410	6.952025291013161e-09
1411	5.680125625861903e-09
1460	2.2435868385765953e-13
1461	5.506919403672653e-13
1462	2.2435868385765953e-13
1463	2.2435868385765953e-13
1464	2.4624946032137765e-13
1629	7.765032749366738e-13
1630	7.840495069755804e-13
1631	7.920461762931143e-12
1632	7.765032749366739e-13
1636	7.712698667600496e-09
1637	5.84337688068299e-09
1638	2.9649234537243162e-08
1650	2.539964026862241e-06
1651	2.4289117451820662e-06
1245	5.333511900374531e-05
1653	2.52591588908637e-06
1670	2.545168034540864e-10
1671	1.397595191754021e-11
1672	1.397595191754021e-11
1673	1.397595191754021e-11
1876	3.620453491942514e-05
2030	1.2282266427295077e-07
2031	1.2282266427295077e-07
2032	1.9084035312738e-06
2251	1.3532979840380443e-12
2252	7.493090118034334e-12
2253	1.8181832698730713e-12
2279	3.736879766296812e-11
2280	2.966437875853301e-11
2281	3.022833070810776e-11
671	3.252573056197791e-11
901	2.1558352770357956e-10
2342	3.889353318043728e-10
2343	6.663750651899856e-11
2344	6.663750651899856e-11
2345	6.932025685276318e-11
2346	6.663750651899856e-11
2369	1.7475856653039768e-13
2370	1.7475856653039768e-13
2371	1.8934054345683366e-13
2372	1.7475856653039768e-13
2373	5.546701294337455e-13
2504	8.64300715352343e-13
2242	1.9108550209290198e-13
2489	2.0655831642932595e-13
2673	2.557652032167899e-09
2716	2.505609230876649e-11
2717	2.505609230876649e-11
2718	1.5983083066436844e-10
2719	2.7421432176050908e-11
2729	7.475202125626734e-09
2730	1.6558332688345092e-07
3067	1.033989386650436e-12
3068	1.033989386650436e-12
3069	1.0395355548578228e-11
3198	6.072043927648969e-05
3199	6.072043927648969e-05
1394	8.479183873007798e-05
889	6.647989850596498e-05
3386	1.4949375619277858e-13
3387	1.549795660032381e-13
3388	1.462227821095448e-13
3631	2.916973041303098e-11
578	2.916973041303098e-11
564	2.916973041303098e-11
3686	2.3703859543584983e-14
3752	5.4154335522721935e-05
2755	5.4154335522721935e-05
3842	1.577174129565414e-09
3843	1.577174129565414e-09
3844	5.473714951403774e-10
3845	5.473714951403774e-10
3846	5.473714951403774e-10
3847	1.1621415354863725e-09
3807	5.916031371719471e-13
213	2.3186578105337046e-13
3877	9.068373094766185e-13
3961	1.8522573032032507e-10
3962	2.3496539196369635e-11
4106	3.276851634625464e-11
4107	1.0996408571091096e-10
1395	6.142987145155963e-05
739	1.529425464210265e-05
4372	6.142295592887906e-12
4420	4.103127607843123e-14
4487	1.9101744174639636e-12
4488	2.1683440134927503e-12
4835	5.966497704531006e-09
4836	5.966497704531006e-09
4837	6.011405350455656e-09
4898	5.8697143802038376e-05
4899	5.77061379934731e-05
3409	0.0012131164380193545
4900	5.811225586297499e-05
4901	5.77061379934731e-05
4924	3.091564654254323e-09
4925	3.091564654254323e-09
4926	3.091564654254323e-09
5052	2.318468992818102e-06
5079	2.3146088025755417e-06
5183	2.040885046795838e-05
5184	0.0001592593103239335
5185	0.00017595715291268197
5199	3.879752505256553e-13
5200	3.879752505256553e-13
5327	9.767429681370355e-11
343	9.767429681370355e-11
5328	8.702811202512007e-10
5329	1.5824678993728042e-10
5330	1.5824678993728042e-10
5331	1.5824678993728042e-10
1157	1.5824678993728042e-10
2982	3.802573554039049e-10
3968	1.6512072375305774e-10
5332	4.1833859865663883e-10
5438	1.2935521794614635e-10
5439	1.0113524739396587e-09
5440	2.0990281337552943e-10
5658	0.00011620994829885104
5659	0.00120323561299436
5732	9.183699217617419e-08
5733	9.216203415611814e-08
5734	1.3243553102707825e-06
5735	9.183699217617419e-08
1524	0.20221614466396584
1918	0.2004148346475555
1523	0.1993953332801322
5790	0.2023768294981902
1520	0.1993953332801322
1519	0.1993953332801322
5791	0.1993953332801322
5792	0.1993953332801322
1521	0.1993953332801322
5793	0.1993953332801322
5794	0.1993953332801322
5795	0.1993953332801322
5796	0.1993953332801322
5797	0.1993953332801322
5798	0.1993953332801322
5799	0.20152078452694613
5800	0.1993953332801322
1522	0.1993953332801322
5801	0.20006017144696336
5802	0.1993953332801322
5803	0.1993953332801322
1701	0.1993953332801322
5804	0.1993953332801322
5805	0.1993953332801322
5806	0.1993953332801322
6026	1.0433480775563622e-10
6027	1.0433480775563622e-10
6028	1.8509135931335265e-09
6029	1.0433480775563622e-10
6157	4.675752155178877e-14
2488	5.506675805968763e-14
1555	3.199579347612738e-12
6425	1.410192268129446e-10
6426	2.5476983612981046e-10
27	1.410192268129446e-10
28	3.5166358629693426e-10
6427	3.6652170152080114e-10
6442	4.2378693603384723e-10
6443	5.177139489594793e-11
6444	1.867078359144237e-10
6445	8.552128754485912e-11
60	8.552128754485912e-11
6529	0.001193061442347913
6530	0.001193061442347913
6531	0.001193061442347913
6532	0.018047269030155254
6533	0.0011930614423479135
6534	0.0011490920824405195
6535	0.0011490920824405195
6536	0.0011013068693938011
2740	5.40897881546176e-10
6773	1.1821420085404335e-10
6774	3.0789366592022716e-10
6910	1.9636383547390788e-10
6911	1.6556445793300038e-09
6912	1.9636383547390788e-10
6913	1.9636383547390788e-10
7030	3.9032848850194777e-10
7031	3.9032848850194777e-10
7113	1.033989386650436e-12
7114	1.033989386650436e-12
512	1.1343389031977166e-13
7323	1.3471760314915669e-06
7377	1.4199817391614161e-14
7378	7.304625558651595e-15
7379	7.304625558651595e-15
7380	2.0813144684288955e-14
7710	7.713537442422402e-12
7711	7.713537442422402e-12
7996	5.811506697475155e-06
7997	5.350072316508851e-06
3530	5.633276755046812e-05
8513	2.819377584620688e-06
8514	2.819377584620688e-06
8515	2.819377584620688e-06
7396	6.799748314618181e-06
740	6.246898227545191e-05
8661	6.799748314618181e-06
8877	6.4872465457657365e-09
7439	7.594980724012621e-09
8878	2.2294404726771923e-09
8879	8.37549446837414e-09
8970	8.0137179364478e-05
8971	3.527241842400507e-06
8972	3.547805120131366e-06
9021	1.7743200192188206e-09
9022	3.62461236163425e-09
9023	9.139822396159279e-10
9024	9.139822396159279e-10
7296	2.37385335858905e-09
9100	8.282326168380168e-10
9101	2.1670233887246366e-09
9102	4.0270023142334773e-10
9365	1.3314552574653404e-09
9366	1.3314552574653404e-09
4823	9.236506270908711e-09
9367	2.8778526705459963e-09
9370	2.103935398753836e-09
8381	6.926683213500532e-09
9373	1.7662431413780139e-09
9649	2.3096536907941255e-09
9650	8.777405720405398e-09
9651	3.954355463270085e-09
9652	2.309653690794126e-09
9653	9.09395167583696e-09
2433	1.457012327482156e-09
9822	1.1599102748667469e-09
7418	3.275945617145382e-09
9897	0.01757471117351484
9903	1.6525618539236762e-07
799	1.6525618539236762e-07
6268	0.00044001466251169185
8789	2.0128064444203366e-05
9517	1.996653426334799e-05
2723	1.996653426334799e-05
8179	1.1853051122893043e-07
9913	5.431517500921201e-09
2418	5.506556537498762e-09
9336	5.431517500921201e-09
3340	1.0996504764888641e-08
9272	5.670942687385393e-09
8082	5.670942687385393e-09
9120	2.454013364853253e-10
4428	2.454013364853253e-10
10015	5.984991693817017e-10
9266	8.684430584598658e-10
10016	8.542099868817471e-10
8750	5.984991693817017e-10
10091	9.653877367805363e-07
10092	1.082792586090913e-06
10093	9.653877367805363e-07
10094	9.653877367805363e-07
10126	6.148123484518875e-10
8937	5.698512371629057e-09
10127	6.148123484518875e-10
10190	2.777563750891578e-09
2296	1.8276508360729866e-08
10414	6.220928246264819e-09
9549	4.818421655461672e-09
9348	2.1632228497467977e-08
10415	3.4897162263124654e-09
10468	4.65329358359622e-10
7420	1.0941323564471155e-09
10496	4.0270023142334773e-10
10497	4.0270023142334773e-10
10639	0.00040944690390163583
3983	0.00041358138426024455
10692	3.821736350363316e-14
10697	2.574447200403793e-10
10698	2.574447200403793e-10
10699	2.574447200403793e-10
10768	1.1377072644083821e-09
10776	4.451007729775469e-10
10777	1.3465480353536463e-09
10263	6.930462642392319e-10
10774	0.00877211371250705
10831	8.688683501930908e-10
10832	8.688683501930908e-10
10837	1.0101882226414126e-07
10838	1.0101882226414126e-07
10839	1.0603531193993343e-07
10840	1.0101882226414126e-07
5072	1.3213060437501577e-09
10346	4.710842545509093e-10
10184	7.285338447688109e-10
10343	1.0415419299684367e-09
10173	1.3505462702112325e-09
10914	5.096750712952619e-09
10947	0.0004278552409340646
10869	0.0004278552409340646
10948	0.0004278552409340646
10981	1.5184380665688486e-10
10982	1.5184380665688486e-10
10983	1.5184380665688486e-10
11041	1.2310290569789786e-11
11369	0.0008313237450357521
11370	0.009689626287506895
11419	7.726199317153854e-10
11420	7.726199317153854e-10
11786	2.1664538340074514e-09
11787	2.1664538340074514e-09
5114	2.1664538340074514e-09
11903	2.066501815862389e-05
7798	2.066501815862389e-05
9980	2.066501815862389e-05
11904	2.066501815862389e-05
11905	2.066501815862389e-05
11916	9.778779685441356e-10
10124	9.778779685441356e-10
11921	9.778779685441356e-10
11922	9.778779685441356e-10
11973	1.2935521794614635e-10
10539	6.524958217409693e-10
6179	6.524958217409693e-10
10295	4.867477561856244e-10
10187	4.867477561856244e-10
2887	4.867477561856244e-10
2894	4.867477561856244e-10
12088	2.391803539517687e-11
11176	1.0815365868956042e-10
12089	2.3918035395176878e-11
12090	2.3918035395176878e-11
12091	3.034549993397657e-11
12166	5.610527045383616e-10
12167	1.765108538822094e-09
12180	6.678690946963571e-10
9144	2.846471687716583e-11
12195	1.6063176652568148e-11
9776	1.0023010057593616e-10
12107	5.6612658434408e-09
12335	5.6612658434408e-09
8333	1.1659944611860248e-07
9618	1.1549351017166254e-07
12443	2.1609864148804954e-09
9876	2.4851362619415003e-09
12444	2.1609864148804954e-09
3868	2.1609864148804954e-09
12416	1.457012327482156e-09
12467	1.5158448019231228e-08
1506	1.124095841563283e-08
12506	8.654826926042433e-10
12505	1.0415419299684367e-09
12511	2.3453915277828206e-10
13001	1.804724123021238e-07
13002	2.010110330341756e-07
13003	2.1811427657495845e-08
13456	1.531329617194813e-12
13457	2.0429252420146327e-13
13458	2.0429252420146327e-13
13459	2.0429252420146327e-13
13632	1.1451853642993231e-05
3504	7.302119533872334e-07
14409	1.9950598390510766e-14
14410	1.2628730831812879e-13
14453	6.010712917623894e-10
14454	6.967158201969315e-11
14455	6.967158201969315e-11
14456	6.710435399865305e-11
14878	3.811253847265483e-13
14546	4.903242786128373e-13
14547	5.411862120558586e-13
14544	1.600650129106693e-13
15020	1.4431502973878419e-11
15021	1.4574555632542262e-11
15087	3.811253847265483e-13
15206	1.235441886581539e-13
15207	1.235441886581539e-13
16578	3.6285606051894224e-11
16582	4.062774019737774e-11
16583	8.370987178153828e-11
16584	5.705142225745116e-11
16585	8.659556647857498e-11
9299	2.699913923360793e-10
9297	1.1035098092239487e-10
16993	3.4553939213934263e-11
16081	3.4553939213934263e-11
16994	8.482398822191037e-11
16995	6.444218161986025e-11
16996	9.108850196288017e-11
16997	7.743923594207193e-11
16998	7.743923594207193e-11
16999	7.743923594207193e-11
16135	4.070271166223239e-12
17072	4.070271166223239e-12
17073	2.2053831831338787e-11
17074	4.070271166223239e-12
16689	1.0590356852508686e-10
17194	1.2034832738362827e-10
16146	3.6427188072598424e-10
17195	1.0590356852508684e-10
15735	1.7298611957933414e-11
15732	7.167640667811657e-12
17722	3.6162141353199694e-11
16347	8.895780467407884e-12
706	9.523649374345413e-12
17723	4.4784172819332844e-11
16348	4.422388050296759e-12
15935	3.391951155941701e-12
17733	3.391951155941701e-12
17734	5.360162344415977e-12
17501	1.837222154050043e-10
18069	1.1526748105677935e-10
18070	1.3901720425969278e-10
17197	1.6321132334141915e-10
18076	9.263587248129564e-10
15684	1.1035098092239487e-10
18103	1.1035098092239487e-10
18104	1.1035098092239487e-10
7707	1.1035098092239487e-10
18105	1.4548409451224007e-10
18150	4.286016354244688e-07
18151	1.1557839894444447e-07
18152	1.1557839894444447e-07
8276	1.1557839894444447e-07
18153	1.5499180784074582e-07
18154	2.6328362769932526e-07
18155	2.6328362769932526e-07
18177	9.372271158017412e-12
18178	5.6146223774843175e-11
18179	9.372271158017412e-12
18180	9.683494753103115e-12
18283	3.306894252136484e-11
18313	3.306894252136484e-11
15828	3.306894252136484e-11
16871	3.68502651878562e-11
18432	1.1577140664009745e-12
2184	8.75758988966511e-12
18451	6.999153033902942e-10
7288	8.613836308637687e-10
18452	6.999153033902941e-10
12339	6.999153033902941e-10
17679	3.373321285495749e-09
18453	3.670920269229996e-10
18454	3.670920269229996e-10
18588	1.543275623421615e-10
18589	1.676685357022665e-10
17782	1.0146063301150964e-10
18594	8.244604787828586e-11
16026	7.869298508078307e-11
18595	1.0146063301150964e-10
18931	7.607820893576588e-11
12454	5.709749980111578e-10
8089	7.607820893576588e-11
16706	3.334710454570354e-11
17859	3.334710454570354e-11
19177	3.334710454570354e-11
19453	1.39146238053354e-12
19454	1.39146238053354e-12
15707	1.7453164630842561e-09
19515	1.3379320801982408e-09
19516	1.3379320801982408e-09
15351	6.772265475857427e-09
19517	1.3379320801982408e-09
19518	1.3379320801982408e-09
19519	1.4061246402378265e-09
17647	1.2290253517392817e-09
18474	1.0425513234427013e-09
19550	4.247709296916992e-11
16870	4.247709296916992e-11
19603	7.105973729149377e-10
19604	5.676194200877517e-09
20222	8.384507595956897e-13
19019	8.384507595956897e-13
16500	3.2227893789789232e-09
21166	4.6124628732505615e-10
21167	4.6124628732505615e-10
21181	2.2036988132112985e-11
15542	2.04561890458151e-10
17604	5.343118762771773e-09
4844	3.314570205884585e-08
17967	5.343118762771774e-09
21184	5.343118762771774e-09
21185	5.343118762771774e-09
21275	2.182601156536614e-11
21276	8.211401600592332e-12
21277	1.0801205011945851e-10
18466	5.853939583353294e-09
21496	5.772244204887697e-09
21497	1.3795411494285563e-09
15924	1.8316612261867426e-09
16235	1.2938819818518506e-09
21767	1.7992075578611452e-10
21768	1.7992075578611452e-10
21942	3.4323946627374226e-12
21943	3.4323946627374226e-12
4041	3.082724785450877e-10
22033	1.1053707919001866e-10
22034	5.734791473098482e-11
15918	5.734791473098482e-11
15892	2.4889604290681925e-10
16671	3.673411901697155e-11
17033	3.673411901697155e-11
17911	3.673411901697155e-11
17382	3.673411901697155e-11
16626	3.673411901697155e-11
15982	3.673411901697155e-11
16742	2.3804465664060796e-11
22889	1.768645987448291e-11
19771	1.768645987448291e-11
22890	1.700195859015789e-11
20123	1.700195859015789e-11
16782	3.743783758289041e-11
23065	3.743783758289041e-11
21180	1.543275623421615e-10
23120	1.0336349448957005e-09
23121	1.543275623421615e-10
23205	1.0641045365120414e-10
15899	1.0399490029896342e-10
23230	1.542465675560558e-11
23231	1.542465675560558e-11
21572	1.542465675560558e-11
15831	5.362578980580609e-12
15478	5.362578980580609e-12
19415	5.504744638690079e-09
4843	6.259551387293656e-09
23796	5.504744638690079e-09
23873	3.6285606051894224e-11
5870	7.914274083533288e-10
389	7.914274083533288e-10
5862	1.2704134082009172e-09
243	7.914274083533288e-10
5473	4.219291398971346e-09
18366	1.6446177359474726e-07
24214	1.6446177359474726e-07
18157	3.6857078699583077e-07
18368	1.7858290503355376e-07
24215	2.4184042978336875e-07
24220	1.2748437064718354e-07
24221	1.2748437064718354e-07
7106	1.6299033890736484e-07
24222	1.6299033890736484e-07
24223	1.6299033890736484e-07
24770	1.9447679019300055e-11
24831	1.7395559004046782e-11
17726	4.016436200961521e-12
810	4.016436200961521e-12
16580	4.016436200961521e-12
15723	7.570751298009892e-11
25435	7.570751298009892e-11
16246	5.287568701755889e-10
17900	9.32863803021638e-11
21207	1.1577140664009745e-12
25799	1.2078525258630534e-10
25801	2.67721555667603e-11
19793	2.67721555667603e-11
25802	2.67721555667603e-11
17306	2.9395841028644415e-12
26101	9.74542837461947e-10
16889	9.74542837461947e-10
83	9.74542837461947e-10
20582	1.2210018893306895e-09
17155	1.2829132271365585e-11
16676	2.327008101156449e-11
26754	6.623019996536907e-11
26755	6.623019996536907e-11
26913	3.5708140818597815e-12
15934	2.8040318922752014e-12
26914	2.8040318922752014e-12
15833	2.8040318922752014e-12
3339	2.8040318922752014e-12
27008	5.471069810121926e-11
27163	3.0792274509507977e-09
27164	3.0792274509507977e-09
19127	3.0792274509507977e-09
27165	3.0792274509507977e-09
25162	3.0792274509507977e-09
27166	3.0792274509507977e-09
27167	3.0792274509507977e-09
27168	3.0792274509507977e-09
6603	6.116143270012682e-12
27335	8.88184938915699e-10
27336	7.105973729149377e-10
27337	7.105973729149377e-10
27338	7.105973729149377e-10
25764	1.3094358314615338e-10
18138	2.2036988132112985e-11
16455	1.2790778826765992e-11
27536	1.7395559004046782e-11
25315	2.545443335132816e-11
21774	1.2391167933015708e-09
16738	6.2186534299043895e-09
18280	1.5897206259873531e-09
17877	1.2391167933015708e-09
17985	1.2391167933015708e-09
28114	2.2065097899804302e-11
28115	2.2065097899804302e-11
28116	2.2065097899804302e-11
28681	2.1685359352708173e-08
28682	2.1685359352708173e-08
22046	2.1685359352708173e-08
28861	9.504255895693899e-11
28862	9.060880556449853e-11
28863	7.461207085742581e-11
28864	7.937502103932873e-11
12899	1.2451986154011297e-10
28865	9.39819604488839e-11
28866	7.461207085742581e-11
20993	2.475496692095972e-10
29087	2.475496692095972e-10
5027	2.475496692095972e-10
24894	2.475496692095972e-10
29090	2.077189920645836e-08
29091	2.077189920645836e-08
29092	2.077189920645836e-08
29093	2.0917102144421573e-08
800	8.773821248478405e-11
19927	6.700573276773544e-12
18885	6.700573276773544e-12
29619	5.051376195252508e-10
18492	5.051376195252508e-10
17497	5.051376195252508e-10
16245	5.051376195252508e-10
29620	5.051376195252508e-10
25442	5.051376195252508e-10
19210	4.900593998115054e-11
16186	4.900593998115054e-11
28741	2.28557237361083e-07
29691	2.28557237361083e-07
29692	2.28557237361083e-07
29693	2.28557237361083e-07
29694	2.28557237361083e-07
18363	2.28557237361083e-07
18362	2.28557237361083e-07
29681	2.521031419023098e-07
18159	2.3202789075943684e-07
29844	4.6589723879347914e-11
29845	4.6589723879347914e-11
29846	4.6589723879347914e-11
35481	1.905718238481924e-12
14177	4.3657677080615315e-13
35482	4.3657677080615315e-13
35483	4.3657677080615315e-13
35484	4.3657677080615315e-13
35485	5.518343808864506e-13
35510	3.0700291816054214e-11
3417	6.245027864883114e-10
3681	3.0700291816054214e-11
35511	3.0700291816054214e-11
3420	3.111096392773356e-11
35741	9.909121722417272e-09
35801	6.945887730566573e-08
35745	9.909121722417272e-09
35802	1.60057780671473e-08
9392	9.909121722417275e-09
35683	2.7934485276720727e-08
36035	6.04937594225445e-08
36034	2.4426425784081293e-08
36036	1.0636578088479683e-08
36204	1.1796342672459489e-09
35985	6.321462401215221e-09
36205	1.1796342672459489e-09
35599	4.8996761568888985e-09
35749	1.59822740265255e-08
35750	4.145757938343894e-09
14051	7.343832248691422e-09
35845	5.707087388636341e-08
36976	4.782063627174838e-12
36977	2.8064329732558298e-12
36978	2.8064329732558298e-12
36979	2.8064329732558298e-12
36980	2.8064329732558298e-12
36841	5.14836239270516e-12
36981	1.7727079738409617e-12
36982	1.7727079738409617e-12
36835	1.7727079738409617e-12
36918	1.7727079738409617e-12
37206	8.292567348929412e-15
37207	2.4432903868260933e-15
37208	2.4432903868260933e-15
37209	2.4432903868260933e-15
37210	6.890754281539106e-15
37211	3.058429938235762e-14
37058	1.828641768416198e-10
37430	1.828641768416198e-10
37431	1.828641768416198e-10
37690	2.3928923366482364e-08
37691	2.3928923366482364e-08
37692	2.3928923366482364e-08
37693	3.978092937712334e-08
37694	2.3928923366482364e-08
37695	2.3928923366482364e-08
37696	2.3928923366482364e-08
37728	2.9602122625320384e-08
37729	2.9602122625320384e-08
37730	2.9602122625320384e-08
33450	1.8771650898779092e-07
38553	9.449110765993504e-12
38172	1.4314682127498151e-12
39095	2.317578377609608e-07
39096	2.3422436114734594e-07
39097	2.378831804056886e-07
1660	5.098364494128884e-06
39294	2.939051050116778e-11
39299	1.2162546563339815e-11
39301	4.805054615672413e-11
39302	1.2162546563339817e-11
39338	1.936445404154285e-11
39303	1.936445404154285e-11
39519	8.541305595911908e-11
39520	8.541305595911908e-11
31605	7.810576945774577e-11
39521	7.810576945774577e-11
7384	4.109318899565521e-10
34127	2.051687340355717e-08
39940	2.051687340355717e-08
39991	1.9473286790740135e-09
39992	7.357560275975725e-10
39993	1.9473286790740135e-09
39418	1.0276524609042327e-08
40165	5.090432026839032e-10
39276	5.060480710688704e-10
13146	7.043955804116518e-10
5018	3.6539227079028014e-09
5019	4.309997934635021e-10
41297	4.6091855562698824e-10
41298	4.5001717049358557e-10
41661	7.48792333205633e-12
41662	5.494693121049391e-11
27748	4.6205078165784664e-10
5475	4.6205078165784664e-10
42200	1.3933756153756564e-10
3044	1.3933756153756564e-10
8277	1.3933756153756564e-10
42201	1.3933756153756564e-10
42202	1.3933756153756564e-10
31656	3.1514950228574344e-11
31657	3.1514950228574344e-11
5263	3.1514950228574344e-11
42436	7.48792333205633e-12
42559	3.0106784350137784e-11
41387	5.4472739442438655e-11
41388	4.0095736692207697e-10
42615	5.532403123975697e-11
41615	6.09275668703305e-11
43001	1.328342871501913e-10
14238	3.4154550060556837e-10
43002	1.328342871501913e-10
43003	1.328342871501913e-10
41411	1.328342871501913e-10
43004	3.1142227589997943e-10
43154	3.6426895853588226e-11
43155	1.0766510254642516e-10
43156	1.0766510254642516e-10
40468	3.642689585358822e-11
43638	1.0164640618489692e-10
41426	1.0164640618489692e-10
10933	1.0561663431213543e-10
43917	1.4178440910805686e-10
43918	1.4178440910805686e-10
43655	1.4178440910805686e-10
41243	7.938906050573171e-10
17989	5.812840689358829e-09
1759	7.938906050573171e-10
31393	8.287729241135272e-10
44477	5.245481566043324e-11
44478	4.605639390099974e-11
44479	3.8237645158584294e-11
21733	1.1508741892538914e-10
30078	2.2317020054053937e-10
45243	5.659983896221752e-09
45244	3.704966493143857e-10
45347	3.7929963169411394e-11
45348	3.736809758600332e-11
45561	2.18764656479209e-08
45562	2.18764656479209e-08
7874	5.154367509286229e-11
4172	8.921884003096735e-11
1799	8.921884003096735e-11
41390	8.921884003096735e-11
121	1.315777419657776e-10
42978	1.8300640909346038e-10
41385	4.08733912868364e-11
46107	4.08733912868364e-11
46108	4.08733912868364e-11
46940	3.2252309169650567e-10
46941	3.0548843575997933e-10
29782	3.3416393924527657e-10
34865	8.188915342738434e-10
13416	1.0602914875668876e-09
32357	8.420533373291368e-07
47241	1.7848692961323298e-05
47478	7.128202920587957e-11
32032	1.6332850386906926e-10
47479	1.5486260202852686e-10
47480	1.5486260202852686e-10
46696	1.5486260202852686e-10
47624	2.83334942200578e-05
47625	1.84036162282676e-06
42782	2.0129061692744893e-05
34467	5.542889689578268e-10
48205	1.26584172390808e-08
48206	5.542889689578268e-10
33045	3.118898699454591e-10
48429	3.118898699454591e-10
33046	3.297844029540601e-10
48430	3.518949175616954e-10
34593	2.0501422843861897e-10
48438	1.6985647204723752e-10
48439	1.6481850079198192e-10
48444	1.607448437051074e-12
31782	1.9614030641898141e-13
48374	1.8986910390062967e-10
9129	2.3774920344167534e-11
23503	1.0278335573626082e-10
30889	7.890330797411169e-11
32346	2.7515213747654947e-10
46809	4.814096441232529e-11
30811	6.391799301471243e-10
30813	6.391799301471243e-10
30812	7.129250095792331e-10
5076	1.0427524584459581e-09
33931	2.6661140271897613e-10
46710	3.5540862511288585e-10
2661	5.435959582939871e-10
2662	6.278250795734295e-10
32073	1.9305994782051643e-06
30464	2.0264535246663553e-06
48928	1.9305994782051643e-06
49431	3.850450606250158e-05
33655	1.9305994782051643e-06
5786	1.9305994782051643e-06
49539	2.605951071338765e-13
49540	2.605951071338765e-13
49541	2.605951071338765e-13
49618	3.522886634114259e-10
49723	1.5889476703811336e-11
13513	1.5889476703811336e-11
49724	1.2781059529040534e-10
49725	3.8111506873840326e-05
33868	3.8111506873840326e-05
31224	0.000795413319062894
49726	3.8111506873840326e-05
49825	2.1502861429916816e-11
49826	2.1502861429916816e-11
49827	2.3479169464435623e-11
49828	2.150286142991682e-11
31648	1.1112757487444771e-10
50038	0.008883678997571578
30000	0.010091731434389954
50064	4.6964493545407696e-08
33050	2.0795784949620895e-09
23807	4.733983021618755e-08
50074	4.733983021618755e-08
50197	8.725006593834926e-12
50198	8.24114527789215e-12
31494	5.1150332957583126e-11
50199	8.24114527789215e-12
49271	2.3018039663754602e-10
49706	8.771194185125042e-11
50214	8.771194185125042e-11
50215	8.771194185125042e-11
50216	8.771194185125042e-11
50217	8.771194185125042e-11
13545	1.643496755550462e-10
50263	9.452774579668598e-12
31460	9.452774579668598e-12
8501	5.479373257844856e-11
31462	9.452774579668598e-12
50116	1.3357486154867952e-10
4367	1.2829120446527087e-10
50023	1.2829120446527087e-10
46446	4.722656112018954e-11
50334	2.1245414203540404e-05
32823	0.00017299993926393918
50336	4.062774513066591e-12
50337	2.491860133318664e-12
50338	8.97712349410074e-12
50308	4.062774513066591e-12
50342	4.589632263450341e-12
50343	1.6249053716035987e-11
48834	1.6249053716035987e-11
50414	1.5793182976993195e-09
50415	1.5793182976993195e-09
50416	2.077968631971076e-09
50417	1.5793182976993195e-09
34064	1.3983852806792781e-08
37824	1.5793182976993197e-09
34384	1.1908834259869509e-11
49117	1.1908834259869509e-11
50395	1.1908834259869509e-11
37647	6.992948891271401e-11
30566	9.49633489737307e-10
33632	9.898569941912137e-10
11694	1.1728167263775087e-09
50548	2.682201263922427e-13
12209	1.896475740136619e-12
49123	3.492747269397113e-10
13567	6.589614903704246e-11
2075	1.4385347302453364e-10
30888	2.3681896094846375e-09
50651	2.1245414203540404e-05
50673	1.2757384022888357e-08
366	1.2898394300952454e-11
50704	7.140493012492365e-12
50705	8.658002380028858e-12
49558	4.650192518509481e-11
41115	4.650192518509481e-11
50721	4.650192518509481e-11
32824	2.8119121218931604e-05
50788	2.8119121218931604e-05
50789	2.8329922885959737e-05
50790	2.8119121218931604e-05
50333	2.1245414203540404e-05
31704	0.00015083653648224782
50791	0.00015083653648224782
50792	0.00015083653648224782
50793	0.00015083653648224782
50741	0.0001519917187148353
50794	0.00015083653648224782
50795	0.00015083653648224782
50796	0.00015083653648224782
50797	0.00015083653648224782
50798	0.00015083653648224782
30561	0.00015314732106875336
50799	0.00015083653648224782
50800	0.00015083653648224782
50801	0.0001557772896563243
50802	4.304644277295573e-05
50803	4.304644277295573e-05
50804	4.026554387065788e-05
50805	2.1968100474665182e-05
50844	2.8968861077833836e-10
49607	2.8968861077833836e-10
50861	3.74365339899471e-12
51237	7.93370146572646e-12
51238	7.93370146572646e-12
51239	7.93370146572646e-12
51240	7.93370146572646e-12
39093	8.363998630186241e-12
51241	7.93370146572646e-12
51340	1.1870160641249097e-05
51342	2.1245414203540404e-05
51025	1.586580264759485e-13
51450	2.0647192850615902e-13
51494	6.341926984231461e-14
50655	6.341926984231461e-14
51578	9.947983547111399e-12
51579	9.947983547111399e-12
34065	1.0010675373381935e-09
52042	2.138815989618174e-11
52043	2.138815989618174e-11
36423	7.15687806792049e-12
52314	1.1641788152581839e-11
52315	2.1220348709711233e-11
28982	7.217042489141568e-09
38908	7.217042489141568e-09
14684	8.827671022860374e-12
53825	7.249539382334831e-12
53826	3.357367599513186e-11
53666	7.249539382334831e-12
53827	7.249539382334831e-12
54130	1.1263146180802636e-11
54131	1.5199836505762224e-12
54132	1.680280773078331e-12
55679	1.517002471423399e-15
35558	3.56032364018555e-11
36485	3.153454321763219e-10
37107	1.233454231364399e-12
37134	1.3806159665241476e-11
36484	3.388468195261824e-10
55927	2.0730300728366038e-11
56467	2.76978618328041e-09
52631	7.208174181924344e-09
52672	7.208174181924344e-09
36510	2.769786183280409e-09
36495	2.8540473613867624e-09
37096	2.7195205099798347e-11
56760	2.7195205099798347e-11
1468	9.459227535582564e-13
31668	2.6785804800143553e-13
14988	1.4334323953280822e-13
48453	3.5823442401647514e-10
55488	1.8299317376468794e-09
57178	1.577194552028823e-10
15017	1.1701654129128377e-12
32701	1.3488438116794912e-11
43637	1.3488438116794912e-11
57989	1.1309184853296509e-11
41568	1.1309184853296509e-11
58436	1.68407013834157e-10
42110	1.4491325468017242e-10
8137	1.4491325468017242e-10
15601	2.9029511554193073e-08
46114	3.244376479205279e-09
58600	0.0007890571604087299
30147	1.19360711571975e-12
31755	1.19360711571975e-12
31276	4.400286270917237e-12
33850	4.104870588656731e-08
31729	8.294690475315964e-07
33452	5.198087459611832e-08
58575	4.104870588656731e-08
49122	2.2707063911065106e-10
52	2.2707063911065106e-10
30545	2.2707063911065106e-10
25527	2.2707063911065106e-10
50728	3.042399688370159e-10
49102	2.2707063911065106e-10
34387	2.2707063911065106e-10
59064	1.6880256663716537e-05
49056	0.00038905964174418614
59065	1.688025666371654e-05
46656	1.826014512671901e-11
58631	1.826014512671901e-11
49125	9.369090300093457e-11
49611	1.8260145126719006e-11
59223	1.8260145126719006e-11
48466	1.765472801888624e-05
59243	1.765472801888624e-05
58595	0.0003855895262536465
13461	1.1409947458707295e-05
59442	1.3573866356676895e-10
59443	8.974470796748205e-10
59444	8.974470796748205e-10
29289	8.974470796748205e-10
59445	8.974470796748205e-10
59446	8.974470796748205e-10
59447	8.974470796748205e-10
31649	1.0161741512659744e-10
5116	1.0161741512659744e-10
59707	1.5562767767326493e-11
24744	1.3088065694303047e-11
13320	1.4263586380711854e-12
59771	1.4263586380711854e-12
35145	7.771538911204528e-07
59791	5.213727174936198e-08
31728	5.213727174936198e-08
59792	5.213727174936198e-08
59793	5.213727174936198e-08
59794	5.76392545382413e-08
31730	5.76392545382413e-08
59795	5.213727174936198e-08
33108	5.213727174936198e-08
58530	2.331310963149216e-10
49612	2.331310963149216e-10
30488	2.331310963149216e-10
59808	1.1791330712116553e-10
59809	1.008313205115537e-10
59872	2.8528757570520137e-11
48286	2.8528757570520137e-11
33930	2.8528757570520137e-11
59885	3.719380580908754e-08
59913	1.9920043349617664e-10
59914	1.9920043349617664e-10
32801	7.128202920587957e-11
30633	1.1145935540671174e-10
30632	1.5164628670880598e-11
30634	1.5164628670880598e-11
60004	3.978551818231262e-09
60005	3.952199414219837e-09
60006	2.856510000622347e-09
60007	1.7562680534547324e-09
60008	1.7562680534547324e-09
60009	1.7562680534547324e-09
60010	1.7562680534547324e-09
59182	4.21649506775524e-11
32333	6.623743584022398e-11
50993	4.2164950677552384e-11
59515	4.2164950677552384e-11
49306	1.958875073233932e-10
46986	8.110158011131874e-07
60190	8.110158011131874e-07
59672	1.8366158043849317e-06
32268	1.8366158043849317e-06
32863	9.2829331258892e-11
32864	4.2169457576749527e-10
49261	6.224639465589644e-11
5369	7.081789673952454e-11
5256	7.081789673952454e-11
49126	3.1314628845525426e-11
49137	3.1314628845525426e-11
60467	3.1314628845525426e-11
60468	3.175302835851673e-11
60607	5.2975164969378325e-11
33265	5.2975164969378325e-11
60679	2.7175270727550683e-10
60680	2.8815987499724265e-11
33451	3.932735952442566e-08
60792	1.0876250721087984e-10
34230	6.427492976320822e-10
12299	1.4326848968803086e-10
31644	1.4326848968803086e-10
60969	3.0065834356806876e-11
50056	3.0065834356806876e-11
12583	3.0065834356806876e-11
12962	3.0065834356806876e-11
61014	1.2217369186411756e-09
61015	7.139712226682988e-09
61095	3.2753831437422076e-11
55677	9.23012176694593e-11
61184	6.3561586541640165e-06
60374	3.604777694896701e-10
35644	3.3930533011998195e-10
61256	3.3930533011998195e-10
61370	2.138815989618174e-11
61371	2.138815989618174e-11
61372	2.2411734722860354e-11
61385	1.0561426742481321e-10
34896	1.7470721202004543e-10
30962	1.7470721202004543e-10
61562	2.314284121115661e-12
61563	2.314284121115661e-12
61564	2.314284121115661e-12
59410	8.189613480257986e-11
12392	2.2633251453475797e-10
61601	3.8064553907077736e-10
34839	6.03814745434454e-12
61602	6.03814745434454e-12
61603	6.03814745434454e-12
61604	6.03814745434454e-12
10905	3.113837721817906e-11
48316	8.632128447626764e-11
1782	8.632128447626764e-11
59497	1.8678593485287258e-10
49045	1.5250029373435487e-10
34250	1.5250029373435487e-10
61692	9.251080572074421e-11
61693	5.4204071789090925e-11
61695	5.0653806012824286e-11
61696	5.0653806012824286e-11
48373	6.588867012011515e-11
61714	6.588867012011515e-11
48452	3.031361925800103e-10
48431	3.1704860594437204e-10
13032	2.338898911251309e-13
61745	2.416019711404808e-13
12861	1.9614030641898141e-13
4441	1.2927210083298414e-10
48451	1.2927210083298414e-10
56392	1.2927210083298414e-10
56524	1.2927210083298414e-10
15179	1.000567388332295e-10
56781	1.2567892901118531e-11
6666	2.4289117451820662e-06
30289	1.3123722190546045e-13
30971	2.4783581750567236e-13
62115	1.5779541113806183e-12
62167	5.359438903755884e-10
62168	6.72840804530383e-11
62221	2.559582549239608e-07
62222	1.1127919038309362e-08
62223	1.1127919038309362e-08
62224	2.5249106798770216e-07
62341	1.6240081092615107e-12
62342	1.8399833944257765e-13
622	5.4859145848029046e-05
62480	5.272956347650434e-05
62487	6.192045632096613e-10
14135	1.2911649717810738e-08
62488	6.192045632096613e-10
14015	6.192045632096613e-10
62566	8.043079465674355e-12
62611	1.2839282071298459e-12
7759	1.0657951222956152e-11
7758	1.2839282071298459e-12
63132	7.139076499033952e-08
1271	7.198504200366373e-08
5960	7.198504200366373e-08
205	1.5357335404941972e-06
4316	1.2935521794614635e-10
3113	1.2810807391845302e-08
41961	1.2810807391845302e-08
62000	1.2810807391845302e-08
62768	1.2810807391845302e-08
62343	1.605054452693761e-12
1713	5.313813533709813e-12
52641	4.8504055164491605e-12
960	4.8504055164491605e-12
3421	4.8504055164491605e-12
553	2.3658064942093586e-11
4768	1.0633294187486756e-12
4766	9.538304536008873e-13
63560	1.0633294187486756e-12
8173	2.5847583351971075e-06
31607	6.881250839103816e-11
39619	1.4161716528562732e-11
39623	4.5120138669868344e-11
39622	4.5120138669868344e-11
39548	1.4778559752528598e-11
69932	1.5199836505762224e-12
39298	2.687321709324062e-11
69943	4.1636675865392626e-11
69957	4.01550302906027e-11
67864	1.2613187555704285e-08
65939	1.2656401428386413e-08
64831	1.3992266716782712e-08
70005	1.2613187555704285e-08
64835	1.2613187555704285e-08
70063	5.305719636816187e-10
70119	5.305719636816187e-10
39964	2.2942495525773943e-11
39965	2.2942495525773943e-11
39429	2.2942495525773943e-11
70192	7.478249324817304e-10
64215	1.73725366485178e-09
39658	8.402248840708511e-10
70228	1.905646327876768e-12
69343	3.039418916978308e-12
61441	1.905646327876768e-12
40086	6.357452216087631e-11
70267	6.357452216087631e-11
54414	6.357452216087631e-11
39758	5.5002341467983485e-11
39952	5.5002341467983485e-11
69182	6.507493582243855e-10
70426	1.4855781792398745e-10
64304	1.4855781792398745e-10
70427	1.4855781792398745e-10
70428	1.4855781792398745e-10
70433	8.661784451770296e-10
55385	1.6505619100273945e-13
659	1.2670170397484223e-13
257	1.6102300885792077e-12
577	5.558853358073752e-12
259	7.360058210846545e-12
276	4.8216766041924205e-12
1208	1.5131538253580659e-12
4995	5.226362143927937e-12
279	1.5131538253580657e-12
9662	7.98486645808146e-05
70630	7.98486645808146e-05
52234	7.900683355309613e-12
70681	7.900683355309613e-12
608	6.615342115088508e-12
70717	1.8128146166420884e-12
70718	1.8128146166420884e-12
70719	6.324101620022368e-13
70720	6.626660393255609e-13
70899	7.036745687469908e-05
2757	7.127811843463688e-05
70900	7.036745687469908e-05
70951	1.1600228287298843e-13
70952	1.1600228287298843e-13
30576	1.868381348441145e-10
30577	1.1490513048589977e-10
50635	9.645601740992116e-11
7717	3.821736350363316e-14
71000	3.821736350363316e-14
3271	3.821736350363316e-14
71001	1.668880265710556e-14
707	1.668880265710556e-14
1465	7.26490261767831e-13
71032	4.5276898160165255e-13
4892	1.2279148856202609e-12
963	1.2279148856202609e-12
2205	1.2279148856202609e-12
71100	1.0954232868160299e-11
21120	1.0954232868160299e-11
71101	6.81148714110957e-11
21122	1.0954232868160299e-11
71205	9.953971747322284e-11
63608	4.236233475020502e-10
166	9.953971747322285e-11
71298	5.026220797123739e-13
71299	5.026220797123739e-13
71300	5.026220797123739e-13
71442	1.2310290569789786e-11
71456	1.5421679761204755e-13
70563	6.579261044415719e-13
1087	1.3499295671278897e-05
8397	9.291074313472605e-06
71507	4.818848880416553e-09
10424	1.0439781829443098e-09
71563	4.508039209836218e-13
71564	4.508039209836218e-13
71611	6.225565799040178e-14
71677	6.287413018151443e-06
1424	6.287413018151443e-06
71678	6.287413018151443e-06
3517	5.2790949490212136e-05
2597	6.903203423644788e-10
4752	6.903203423644788e-10
3444	6.9236765501130565e-09
4741	2.1998424124978927e-12
4750	5.230439007022934e-09
670	4.243434441540964e-12
1080	4.243434441540964e-12
278	3.5663556972826645e-12
1082	3.5663556972826645e-12
72842	5.377993243203064e-12
7268	2.6209910850315125e-11
2380	2.6209910850315125e-11
73050	2.6209910850315125e-11
1381	1.028141468623409e-05
73245	1.028141468623409e-05
73259	1.003305401911816e-09
9894	1.003305401911816e-09
9655	1.9403112583831304e-09
73297	1.9403112583831304e-09
6446	1.3623821879083453e-10
2622	1.3623821879083453e-10
300	3.613055142523465e-10
7967	3.613055142523465e-10
2618	6.075807372229204e-10
4764	3.613055142523465e-10
15809	3.613055142523465e-10
73570	9.327007672804201e-12
73652	2.873320836980766e-09
73662	1.6279701544950726e-07
7455	5.5562668499012505e-09
8888	5.5562668499012505e-09
2259	3.651735111519658e-10
73750	5.083373307398355e-09
3658	5.083373307398355e-09
73972	4.929930770081427e-10
73973	5.126946692170878e-10
74048	1.3536662884146245e-11
74049	1.3130202271222407e-11
74050	1.3130202271222407e-11
52299	3.9086346883348e-08
47559	4.6799340939927736e-08
31454	4.8431998460835375e-08
58920	2.016459353775201e-10
49628	3.1178093867024875e-11
74672	4.923564428159878e-10
74673	3.973888068051919e-09
54620	4.923564428159879e-10
74802	4.659257424636672e-12
74803	4.515268581270042e-12
74804	4.515268581270042e-12
74805	4.515268581270042e-12
74820	7.276618797632886e-12
74821	7.276618797632886e-12
74822	7.276618797632886e-12
74823	7.276618797632886e-12
74824	7.276618797632886e-12
74825	4.258393122306485e-11
33373	4.138587491432258e-08
74831	4.3453229295761607e-08
56658	1.2775787666560675e-10
75091	2.9565086759707057e-10
33026	4.666983736269895e-10
75090	1.2775787666560677e-10
75092	1.2775787666560677e-10
17730	1.2775787666560677e-10
75182	1.1736127868726957e-11
75183	8.064341783549871e-11
55099	1.1736127868726957e-11
11026	6.170901360957719e-10
75208	1.4039372125432638e-09
75209	1.7497698899746796e-09
75210	5.388566315386685e-10
75211	5.388566315386685e-10
75212	5.388566315386685e-10
18166	3.7281642575817703e-08
75248	3.0398329177913746e-08
75249	3.299270380618784e-08
75259	3.0398329177913746e-08
30960	2.199430825854314e-12
75422	2.5206758815534626e-12
75423	5.829086295345657e-12
75424	2.199430825854314e-12
75425	2.199430825854314e-12
34246	1.5696532122276675e-12
75438	1.5696532122276675e-12
75498	4.061323895573326e-12
74810	3.684594429195111e-11
75500	4.061323895573326e-12
75633	1.4269087234972383e-11
75634	1.1540492335292784e-10
75755	2.634669835514115e-09
75756	2.634669835514115e-09
75757	2.634669835514115e-09
444	1.9276276788651954e-08
49073	3.239714958552696e-09
75802	2.2660645006912516e-11
55006	1.961434458740951e-10
75811	2.5436108250799307e-11
75812	3.015119766261513e-12
48688	2.8596730542533174e-11
75813	2.7810620008981703e-11
75920	6.439520725839799e-13
75443	6.439520725839799e-13
48136	1.039190759960209e-12
76099	4.652672042803091e-11
76267	4.673585942071559e-12
60911	3.620886916443535e-11
76494	8.208080727149283e-14
75484	6.688829879971154e-13
37226	9.250489302908532e-12
54956	6.141597796265787e-12
76495	1.0067797845202038e-11
76052	3.569026650366839e-10
76621	3.5987012120945023e-10
76826	2.999938423797907e-10
47660	9.55845172906574e-10
76996	2.673720983103266e-11
76883	2.5484550516296623e-11
74363	6.335766795852286e-11
77157	1.3606818906189346e-10
77158	1.3606818906189346e-10
77159	1.3606818906189346e-10
77171	9.167047058557018e-11
30853	1.3099189391704826e-10
77361	1.6319079994550043e-11
77362	1.6319079994550043e-11
77445	7.431549207643033e-10
77503	1.696622333576571e-10
58921	3.036576686366695e-10
77504	1.9608636001717872e-10
74229	1.0701958158745877e-09
75291	1.306254966561937e-09
77518	1.306254966561937e-09
77519	6.761692389213189e-09
77520	1.306254966561937e-09
77577	1.9743030889732975e-10
77578	1.9743030889732975e-10
77579	1.9743030889732975e-10
77580	4.104541141550772e-09
77581	1.9743030889732975e-10
77626	2.9071310076907543e-09
6000	2.9071310076907543e-09
77627	2.9071310076907543e-09
77628	2.9071310076907543e-09
77629	2.9071310076907543e-09
77630	2.9071310076907543e-09
77720	3.5829032383271317e-13
77723	5.440213883785918e-14
36228	6.499291998221858e-13
77801	1.7805940260832473e-10
44711	9.661564926937094e-08
8273	1.9753364206621285e-10
7440	2.6015854366135334e-10
75298	1.9753364206621287e-10
77029	1.5885384926518285e-10
77028	3.4341815404196644e-10
34516	1.5885384926518285e-10
77031	1.5885384926518285e-10
78232	1.5885384926518285e-10
74981	1.5885384926518285e-10
78469	3.516731325023956e-13
78470	3.106588748003665e-11
75004	2.535350039554608e-11
35665	2.535350039554608e-11
78516	6.61719133031763e-15
78818	7.555125253484223e-11
77648	4.8840711463411536e-11
73889	4.8840711463411536e-11
78878	7.545198614512814e-11
78879	7.131983349145823e-11
58922	2.4923640768152746e-10
78933	1.1799443211568944e-09
78934	1.1799443211568944e-09
78935	1.1799443211568944e-09
78936	1.1799443211568944e-09
77517	8.85090879672944e-10
77514	3.979922124128222e-10
74010	4.754998343139225e-10
78942	4.507970542519665e-10
78980	3.908290028496452e-11
78981	3.908290028496452e-11
78989	5.7072032440428776e-11
52873	5.7072032440428776e-11
2682	4.7016114947607093e-11
78994	4.269725914909086e-11
79077	5.944436142979301e-11
79078	5.944436142979301e-11
79079	5.944436142979301e-11
79278	3.312421654871816e-11
75121	2.7537626709005513e-10
52592	2.0778331525286383e-12
54815	1.178363690748827e-11
52417	1.0380701198927381e-11
48687	3.747974863420969e-12
48689	3.747974863420969e-12
79542	6.238902263002816e-11
79543	6.238902263002816e-11
74114	6.238902263002816e-11
79612	2.5931467006117417e-08
79613	2.525021758398581e-08
75244	2.525021758398581e-08
79730	4.061323895573326e-12
75616	4.061323895573326e-12
79817	5.280484183914432e-11
77516	6.693510654327366e-11
79944	4.3601382378637867e-11
80051	6.923892547025943e-13
7907	6.923892547025943e-13
80052	8.172736028533788e-13
80053	6.923892547025943e-13
7838	1.0749805536713081e-12
74923	6.923892547025943e-13
75474	9.252156490653232e-12
80086	9.252156490653232e-12
75473	9.252156490653232e-12
76301	9.252156490653232e-12
80260	5.172805878691948e-11
80261	5.172805878691948e-11
80272	8.529369697323835e-12
80273	8.529369697323835e-12
80274	8.529369697323835e-12
74866	1.7206191246778704e-10
80345	6.238902263002816e-11
76283	6.238902263002816e-11
58788	6.238902263002816e-11
35041	5.410898292230478e-13
75969	5.410898292230478e-13
80448	5.410898292230478e-13
80494	7.043037716350371e-11
75483	9.010434700894858e-14
80740	1.1167968266717608e-14
80942	9.445965124156536e-12
76057	9.445965124156536e-12
77941	9.445965124156536e-12
35737	5.506250602009997e-08
35570	6.755279894657273e-08
35577	5.506250602009997e-08
35738	5.506250602009997e-08
644	5.506250602009997e-08
35670	5.506250602009997e-08
81266	5.506250602009997e-08
36038	5.506250602009997e-08
35782	1.5196497860841684e-08
81275	1.5196497860841684e-08
35279	1.5196497860841684e-08
35862	1.5196497860841684e-08
81276	1.5196497860841684e-08
35589	1.5196497860841684e-08
81368	5.69024101263997e-09
52562	5.69024101263997e-09
52561	5.69024101263997e-09
52453	1.8304713944774814e-08
52483	1.8304713944774814e-08
35751	1.8304713944774814e-08
36573	1.8304713944774814e-08
36586	2.9970392208197596e-10
36433	2.51742408411171e-09
36627	2.9970392208197596e-10
81736	3.60455483700518e-10
82782	8.97972401105122e-11
65988	9.458461028860716e-11
83196	1.243926781536736e-12
83197	1.243926781536736e-12
64463	5.595961753430927e-12
66835	2.5440147044329644e-12
63975	1.243926781536736e-12
83261	1.523333400675913e-12
39445	1.7657975243879314e-12
66554	2.687321709324062e-11
65607	4.925960242583041e-12
2836	1.9495545762460742e-05
748	0.00042925468466353806
15155	1.9495545762460742e-05
5775	1.9495545762460742e-05
2090	6.817069349194206e-05
83611	6.817069349194206e-05
83612	6.817069349194206e-05
83679	1.5704536200131536e-12
69329	1.0799391291612633e-11
83707	1.486077808664086e-11
68879	1.486077808664086e-11
83708	1.486077808664086e-11
17870	1.3608243167308349e-12
83811	1.3608243167308349e-12
66776	2.979049179032201e-10
83937	9.985320376487696e-10
12145	8.661784451770296e-10
58966	2.6418704734096924e-11
84227	2.6418704734096924e-11
84272	3.268170144776191e-12
84273	3.268170144776191e-12
62988	0.016653007757445625
62355	6.547731488794773e-09
1640	7.247631830701286e-09
84751	9.377927181075958e-09
84809	4.8428212875551e-11
32765	8.736975817538316e-08
84883	8.736975817538316e-08
84899	6.285807104565031e-13
72425	6.285807104565031e-13
4379	4.1485789134302415e-08
84924	4.1485789134302415e-08
61065	4.748910887404931e-08
30976	5.230439007022934e-09
85010	5.230439007022934e-09
85011	5.230439007022934e-09
11079	4.207145858897961e-11
60365	4.207145858897961e-11
32783	3.7624514424064077e-11
1448	1.195616056456956e-10
31246	0.0003854389590149853
31687	0.0003854389590149853
61980	4.1485789134302415e-08
31285	4.1485789134302415e-08
48989	0.000437853274278872
85790	0.000437853274278872
85837	9.221041393462006e-11
85838	8.597974635233738e-11
85839	8.597974635233738e-11
85840	2.4219211224446144e-10
85841	8.597974635233738e-11
13847	1.2872079991226231e-10
8135	3.536125247659083e-10
48093	1.66100639849516e-10
32175	1.66100639849516e-10
7846	1.66100639849516e-10
33939	3.983768174067916e-11
33005	9.538304536008873e-13
34955	9.054706386939787e-11
11985	5.070228822168407e-06
37933	3.9415077971640494e-12
86229	7.081789673952454e-11
86230	7.081789673952454e-11
36894	4.336646741525075e-14
57136	1.4233999106812778e-13
57188	1.488854061194338e-13
55444	1.2059832029910792e-13
56550	1.2059832029910792e-13
36834	9.202801112990659e-13
36840	9.202801112990659e-13
86768	1.2351799815736198e-13
86611	1.5891012410480675e-10
53677	1.1701654129128377e-12
36787	2.6785804800143553e-13
87343	6.110226514870192e-14
87498	7.300538256429094e-10
75974	7.56373542387764e-10
78660	7.300538256429094e-10
75545	7.300538256429094e-10
87572	2.2967001208155584e-11
87573	2.2967001208155584e-11
87574	2.2967001208155584e-11
76536	2.2967001208155584e-11
75095	2.837501769179349e-10
74172	2.837501769179349e-10
75456	2.837501769179349e-10
75097	9.005488716473132e-10
87721	1.6339641849067002e-11
87722	1.6339641849067002e-11
75871	1.1204470809690431e-10
52690	1.1215463281324239e-11
87474	3.574605655985219e-11
88259	8.152947655799108e-11
88260	8.152947655799108e-11
88261	8.152947655799108e-11
88432	8.753583792807152e-12
79318	7.56373542387764e-10
88646	3.07648858120996e-09
70168	2.7389060707336448e-09
79674	2.7389060707336448e-09
79074	3.453484228732468e-11
79811	3.453484228732468e-11
80892	5.330159038550993e-11
88769	5.330159038550993e-11
59662	2.209707674018645e-11
6914	2.209707674018645e-11
75017	3.9463672274156224e-11
64833	1.145279699377279e-08
89019	1.145279699377279e-08
67724	1.145279699377279e-08
65950	1.4364642356880229e-11
40018	1.4364642356880229e-11
89040	7.380944631916734e-13
39261	7.380944631916734e-13
40156	7.380944631916734e-13
39478	2.7801204475436277e-12
39263	1.076811786494287e-12
89042	2.3754624003435245e-12
39876	4.1898256545872884e-13
53715	2.4455669901728982e-11
53716	1.2043766965783453e-10
89117	4.16768304786507e-11
89315	7.114997932933735e-10
33016	7.114997932933735e-10
89316	5.287605984334309e-10
89317	5.287605984334309e-10
89318	5.287605984334309e-10
89225	5.287605984334309e-10
75588	5.606144692325383e-10
89502	1.23690451958983e-09
36779	3.29940377293024e-10
89503	3.29940377293024e-10
89189	8.752134712230662e-10
37027	3.8693115331627614e-10
89551	7.776108339826606e-11
89552	7.776108339826606e-11
61275	7.776108339826606e-11
89616	2.2428934850544434e-11
89617	3.559842169154149e-10
89215	4.031713504984019e-10
89640	4.5848912644332927e-10
89402	4.5848912644332927e-10
89220	4.031713504984019e-10
80196	4.031713504984019e-10
46657	4.620175402483765e-09
59713	1.0497043607268844e-11
89720	1.0497043607268844e-11
59714	4.782475371114251e-11
59709	1.0497043607268844e-11
89736	3.4370636814844285e-10
89757	7.438551609759431e-11
89758	7.438551609759431e-11
89564	4.4700812398671033e-10
89704	1.1097217944000909e-10
38661	1.973000188452998e-10
89779	9.403048238440419e-11
89230	2.2490606959600974e-10
89879	7.296463980282806e-11
89457	7.296463980282806e-11
89876	7.296463980282806e-11
78030	7.296463980282806e-11
89752	4.8447005478971077e-11
89941	4.8447005478971077e-11
89505	1.4410326366277043e-10
89185	9.585089758453014e-10
89184	9.585089758453014e-10
67262	6.368499246084351e-10
90070	1.4611522718454206e-09
36778	1.1946263377782006e-09
90104	4.29084588640435e-10
90105	4.29084588640435e-10
90106	4.29084588640435e-10
89889	4.29084588640435e-10
89187	7.520006467929636e-10
89669	7.520006467929636e-10
60035	1.0363949098638468e-09
89387	7.520006467929635e-10
90171	1.4056485245628744e-11
87743	1.4056485245628744e-11
90191	4.466509512605476e-12
64907	4.466509512605476e-12
80334	3.4370636814844285e-10
89659	4.565286223073016e-09
56894	3.4370636814844296e-10
90539	4.31241959631679e-11
63796	5.227005902401024e-11
90540	5.227005902401024e-11
79780	6.873953387734597e-11
54001	5.835111327082473e-10
90567	5.835111327082473e-10
57009	5.835111327082473e-10
14969	5.835111327082473e-10
52676	5.835111327082473e-10
52677	5.835111327082473e-10
90622	6.395898108373649e-11
7524	1.4509638999803947e-11
7528	6.058994934777074e-11
54764	2.6619638527475122e-12
54765	7.050948971924212e-12
90906	8.675355845320667e-12
89891	5.0716928738539387e-11
90934	7.43530959676042e-12
90950	4.120898490105034e-11
90951	4.120898490105034e-11
63673	2.0699736011074995e-11
2333	2.0699736011074995e-11
91048	7.046193265159918e-11
89524	5.731400390619372e-10
90639	5.907171961616553e-11
76633	1.0042023289377403e-11
91626	3.774412575964106e-10
37516	3.772963558075976e-10
50026	3.772963558075976e-10
91863	6.7998732930170686e-12
54790	6.7998732930170686e-12
53040	6.7998732930170686e-12
90151	1.7750818329325793e-11
92410	8.821275098092499e-11
89520	5.080972279286377e-10
92730	1.3292048230446422e-10
92744	1.5797327887166222e-14
49107	2.2995280309745907e-09
35182	2.530088343011052e-13
12846	1.588285933550507e-09
34320	1.588285933550507e-09
93818	1.588285933550507e-09
93868	9.903606512502622e-12
93874	1.7910869964206224e-07
93875	1.7910869964206224e-07
93876	1.7910869964206224e-07
33449	1.7910869964206224e-07
61749	1.7910869964206224e-07
61750	1.7910869964206224e-07
93877	1.7910869964206224e-07
93976	2.138815989618174e-11
93977	2.138815989618174e-11
89219	2.5705546239044876e-10
46180	1.6511446331087498e-10
94200	1.6511446331087498e-10
75096	1.6511446331087498e-10
54913	1.6511446331087498e-10
94337	2.230403340719896e-10
94338	2.230403340719896e-10
94339	2.230403340719896e-10
74772	2.798285424600366e-10
74206	3.7667054083073216e-11
78786	3.7667054083073216e-11
94387	3.7667054083073216e-11
89249	1.1625689967827095e-10
94667	2.6898938636207253e-10
94668	2.6898938636207253e-10
94669	1.7165540318510722e-09
94800	5.330159038550993e-11
80863	5.330159038550993e-11
94806	1.612098349922018e-09
94807	1.612098349922018e-09
94808	1.612098349922018e-09
94809	1.612098349922018e-09
94810	1.612098349922018e-09
94811	7.041493001929064e-09
94812	4.1947854248655253e-10
94813	4.1947854248655253e-10
73247	4.1947854248655253e-10
31673	4.1947854248655253e-10
89393	4.1947854248655253e-10
94840	1.194358891097117e-10
94842	1.194358891097117e-10
92823	8.201199272448585e-12
79845	8.201199272448585e-12
80442	1.042646453653021e-11
77080	1.042646453653021e-11
29209	1.042646453653021e-11
76570	1.042646453653021e-11
95220	3.314476276892416e-08
75585	3.314476276892416e-08
95221	3.314476276892416e-08
95222	3.314476276892416e-08
18206	3.314476276892416e-08
80846	2.466493199185636e-13
78096	2.466493199185636e-13
4198	3.4258287153100144e-13
58699	2.5084399974516542e-11
95347	2.5084399974516542e-11
30532	2.5084399974516542e-11
95348	2.5084399974516542e-11
95573	8.979022821450793e-09
95675	2.644357585927543e-12
15834	4.023142061639899e-11
17920	4.023142061639899e-11
19014	4.023142061639899e-11
19013	4.023142061639899e-11
9917	5.806440596484281e-09
2298	5.806440596484281e-09
31392	1.4024185754675995e-10
32703	2.8496919199494942e-11
4062	2.664215527760507e-11
32039	2.664215527760507e-11
1657	2.664215527760507e-11
8932	1.6340291355465118e-11
79759	2.8927037352912465e-09
33940	1.7391579471612895e-11
32705	5.186116164435897e-09
96720	5.186116164435897e-09
96721	3.334263503599294e-10
34477	3.334263503599294e-10
15844	2.6306393780902128e-11
96791	1.109791410123978e-09
96792	1.109791410123978e-09
96793	1.109791410123978e-09
96794	1.109791410123978e-09
96795	6.104373003854205e-09
96796	6.104373003854205e-09
96797	6.104373003854205e-09
96798	6.104373003854205e-09
96799	6.104373003854205e-09
96800	6.104373003854205e-09
96801	6.104373003854205e-09
11000	1.7272028074905207e-10
96824	1.7272028074905207e-10
96950	2.642840816153637e-11
97243	1.9843824772844179e-10
80033	3.9167604725679786e-11
88434	3.4463634704189797e-11
97415	3.4463634704189797e-11
50231	3.4463634704189797e-11
90164	3.912486844695968e-10
79105	5.794591451449711e-10
99988	4.935474109987735e-10
34934	3.593837820202859e-10
99989	8.002775479309478e-10
100063	7.219642155453421e-12
99888	7.219642155453421e-12
89894	4.7289471558205767e-11
100157	4.7289471558205767e-11
100158	4.7289471558205767e-11
89523	3.7004735930892126e-10
100160	3.1037543138837357e-10
43900	6.554316090204354e-11
89538	6.554316090204354e-11
100163	6.554316090204354e-11
33079	6.554316090204354e-11
89477	6.554316090204354e-11
90135	6.554316090204354e-11
38660	1.0073112112707537e-10
66628	6.554316090204354e-11
100211	4.270157105107172e-11
89268	3.1967592080790394e-11
100257	3.1967592080790394e-11
89522	2.725834590573291e-10
90527	2.725834590573291e-10
100483	1.2613748119586776e-10
91243	2.0556162871381576e-11
36775	2.0556162871381576e-11
76907	2.0556162871381576e-11
100970	3.663612074402785e-11
56376	1.649605410964432e-10
62742	6.863688771896268e-12
101193	6.0215205706900274e-12
101194	6.0215205706900274e-12
101195	8.980947654331586e-12
101196	6.021520570690026e-12
101197	6.3804505342748586e-12
52312	7.15687806792049e-12
35743	7.15687806792049e-12
101322	1.6713811311956457e-12
101323	1.6713811311956457e-12
101326	5.440563530788806e-12
636	5.440563530788806e-12
36617	8.148485811161948e-12
54387	8.148485811161948e-12
52166	8.148485811161948e-12
54941	8.148485811161948e-12
56772	8.148485811161948e-12
101373	2.2165251841286595e-12
101374	1.3062116346523585e-12
81242	5.008121557793299e-12
101375	4.1456962937441084e-12
92264	3.2753807076993783e-12
101203	3.2753807076993783e-12
101712	6.453126747093705e-11
60917	6.453126747093705e-11
98274	9.816514906218165e-11
101752	9.816514906218165e-11
61687	9.816514906218165e-11
60170	9.816514906218165e-11
98041	9.816514906218165e-11
101604	3.4306572461139806e-14
33195	2.6286308869103577e-10
88695	2.6286308869103577e-10
101909	2.6286308869103577e-10
101910	2.6286308869103577e-10
101911	2.6286308869103577e-10
102071	3.4306572461139806e-14
52678	3.055715526815644e-10
73529	1.2567892901118531e-11
81583	6.302716540486165e-11
102796	7.569086360838857e-10
102811	3.6121165206131097e-10
25999	3.644237010708019e-10
102826	2.7426676510847034e-08
102827	2.7426676510847034e-08
7428	2.7426676510847034e-08
134	2.7426676510847034e-08
15388	2.7426676510847034e-08
102828	2.7426676510847034e-08
102829	2.7426676510847034e-08
102830	2.7426676510847034e-08
17466	2.7426676510847034e-08
102932	2.0341929957818216e-11
102933	2.0341929957818216e-11
41337	2.0341929957818216e-11
102976	5.765789315034953e-10
102978	5.765789315034953e-10
2916	5.765789315034953e-10
22634	5.5794684478354945e-09
27944	5.5794684478354945e-09
103024	5.5794684478354945e-09
27006	5.5794684478354945e-09
16467	5.5794684478354945e-09
98179	5.5794684478354945e-09
58243	5.5794684478354945e-09
103047	3.5125373390022242e-09
103048	3.5125373390022242e-09
103049	3.5125373390022242e-09
103061	1.9447679019300055e-11
24626	4.252151095059658e-09
29839	4.252151095059658e-09
103362	1.0833601043424686e-10
103363	1.0833601043424686e-10
104291	2.4342842807947883e-09
81366	2.6376610754112966e-09
104376	1.5062551091942066e-09
88944	9.885178826288874e-11
104433	9.885178826288874e-11
104434	9.885178826288874e-11
104435	9.885178826288874e-11
104473	2.687321709324062e-11
104474	2.687321709324062e-11
56259	2.687321709324062e-11
98726	8.116407297605584e-11
104555	8.97972401105122e-11
70434	6.390967639384745e-10
104604	6.390967639384745e-10
104632	9.959336209962835e-10
104633	9.959336209962835e-10
64214	9.959336209962835e-10
104634	9.959336209962835e-10
104715	5.5002341467983485e-11
65987	5.5002341467983485e-11
104743	8.116407297605584e-11
68199	5.086743463590174e-10
104747	5.086743463590174e-10
61497	4.1898256545872884e-13
4716	4.499200145785103e-10
39570	1.0184922188398661e-08
104797	7.357560275975725e-10
54351	3.926916614224578e-12
91903	3.926916614224578e-12
37500	3.926916614224578e-12
87293	3.926916614224578e-12
31496	1.6516127248649194e-12
91973	1.6516127248649194e-12
30002	0.009638850493559123
60684	0.009638850493559123
97650	1.1758297412883022e-10
30578	1.6374148436173844e-10
105379	1.1143939449433246e-10
105481	1.1143939449433246e-10
30579	1.1143939449433246e-10
105348	3.838156798652139e-11
105628	3.838156798652139e-11
105629	3.838156798652139e-11
105630	3.838156798652139e-11
105631	3.838156798652139e-11
30445	3.819728196809305e-08
49990	3.819728196809305e-08
30444	3.843960947143433e-08
61621	1.4700940553337417e-13
105744	1.4700940553337417e-13
4197	1.4700940553337417e-13
95672	4.236951556203961e-11
31039	3.9757369740106147e-11
26236	2.0959059265543784e-12
106272	1.8283344935876694e-09
106273	1.8283344935876694e-09
1467	3.836889718342523e-13
98497	3.836889718342523e-13
106479	3.836889718342523e-13
106675	7.772833721918124e-07
8305	2.928631209045814e-06
106833	2.928631209045814e-06
106834	2.928631209045814e-06
106835	2.928631209045814e-06
32477	2.928631209045814e-06
106905	3.1448824981218256e-11
106906	3.1448824981218256e-11
106907	3.1448824981218256e-11
6605	3.1448824981218256e-11
106908	3.1448824981218256e-11
106955	8.170762431240385e-09
75512	8.170762431240385e-09
32463	8.170762431240385e-09
95096	8.170762431240385e-09
33027	4.78469289519272e-11
5632	3.091836723879287e-10
22270	3.091836723879287e-10
5467	3.091836723879287e-10
89417	3.091836723879287e-10
84411	3.091836723879287e-10
107044	3.091836723879287e-10
85361	5.8856471837720636e-08
89212	5.99023217330181e-08
100315	5.8856471837720636e-08
89909	5.8856471837720636e-08
79290	5.8856471837720636e-08
107287	5.0621717638585624e-08
107288	5.0621717638585624e-08
51022	5.0621717638585624e-08
49707	4.4843033460402175e-09
89346	4.4843033460402175e-09
107548	0.0175170853427869
107549	0.0175170853427869
7933	4.201732311143869e-09
107830	4.201732311143869e-09
12439	4.201732311143869e-09
35395	6.879974466277559e-11
107957	1.124851042136521e-09
107958	1.124851042136521e-09
107959	1.124851042136521e-09
107963	1.867524665313598e-12
59200	7.704187421004211e-14
61560	2.0906686699029142e-10
98133	2.0906686699029142e-10
30435	2.0906686699029142e-10
30759	5.323237382066605e-09
