node	pagerank
380	0.0006605131847104504
381	0.0003326090203019592
382	0.0015592812369801656
383	0.0003326090203019592
507	0.0002014495343027011
508	0.0013772773783794477
509	0.0002014495343027011
593	0.0008113137275910381
604	0.0008113137275910381
605	0.0005787091109158215
606	0.0005787091109158216
607	0.00031954889030964405
599	0.0011222354465463128
750	0.0006459310671542429
751	0.0005734272017730045
752	0.0005734272017730045
753	0.0007684997222450182
754	0.0005734272017730045
755	0.0005734272017730045
756	0.0007824801169546696
757	0.0007824801169546696
758	0.0005734272017730045
759	0.0005734272017730045
760	0.0005734272017730045
65	0.0007602383267935502
761	0.0005734272017730045
762	0.0005734272017730045
967	0.00037773946318345045
968	0.0008547744904468164
969	0.001025505901119743
1011	0.0007979494759445847
1012	0.000188833882981972
1013	0.0016366316941424817
1014	0.002207427064463551
1015	0.000188833882981972
1219	0.00019112837916181944
1404	0.0012395175871097906
1405	0.00015177294207420472
1406	0.0004706612949813003
1407	0.0004706612949813003
1408	0.0004706612949813003
1409	0.0006508119130713165
1410	0.0004706612949813003
1411	0.0002307685453338575
1460	0.0006203082067711974
1461	0.0016230917933497074
1462	0.0003438730138166992
1463	0.0003438730138166992
1464	0.000776041758400399
1629	0.0004090912780667725
1630	0.000566946157375325
1631	0.0007148362102073372
1632	0.0004090912780667725
1636	0.0004027741350541943
1637	0.000526190709893608
1638	0.001384962639721261
1650	0.0007655980417111265
1651	0.00028512266577138346
1245	0.0008105308449489605
1653	0.0005151883078639366
1670	0.0011563413674716084
1671	0.000391576533717885
1672	0.000391576533717885
1673	0.000391576533717885
1876	0.00010684350128174886
2030	0.0002895996577479233
2031	0.0002895996577479233
2032	0.0006682403612878438
2251	0.00026107921019521063
2252	0.0005427160016819479
2253	0.0004677551718231352
2279	0.0006990677903956546
2280	0.00038181324251381925
2281	0.0005682820857396871
671	0.001200927699789811
901	0.0010026483087001634
2342	0.0007266093261211403
2343	0.0003672990302208155
2344	0.0003672990302208155
2345	0.00046069812275620115
2346	0.0003672990302208155
2369	0.00041573775631572024
2370	0.00041573775631572024
2371	0.0007161294604810359
2372	0.0004157377563157202
2373	0.0006691107286817418
2504	0.0010804596204644537
2242	0.00024742358248498085
2489	0.0004711264152599313
2673	0.00012683633883494262
2716	0.00036071549015501483
2717	0.00036071549015501483
2718	0.0015739192290151036
2719	0.0005744203500073315
2729	0.0006647189412566196
2730	0.0004453547691756174
3067	0.00031467539243204567
3068	0.00031467539243204567
3069	0.0007721128516709688
3198	0.00028838247256217776
3199	0.00024855010645537576
1394	0.000993990506992456
889	0.0005941584438145264
3386	0.0005347073237757967
3387	0.0004897567496547958
3388	0.00038296118808732156
3631	0.00037552657083658904
578	0.00037552657083658904
564	0.0003755265708365891
3686	0.00018486363176540126
3752	0.00018545981338185163
2755	0.00018545981338185163
3842	0.000929506918836219
3843	0.000929506918836219
3844	0.00034589331160321817
3845	0.00034589331160321817
3846	0.00034589331160321817
3847	0.0006798441145842076
3807	0.0004330037473725385
213	0.0002617221076756959
3877	0.0003486417436454766
3961	0.0010481611249286507
3962	0.0001392506200278383
4106	0.0004599064200411562
4107	0.0009130140142166896
1395	0.0003420666146552732
739	0.0004190069413598099
4372	0.0002364940102668675
4420	0.00034704390526724924
4487	0.0005920176143628453
4488	0.0008322613844384147
4835	0.00034610535260430836
4836	0.00034610535260430825
4837	0.0006769895772201579
4898	0.0008440014324885716
4899	0.0002934257540607464
3409	0.0012875289561914477
4900	0.0004944966080411303
4901	0.0002934257540607464
4924	0.0002938749248511828
4925	0.0002938749248511828
4926	0.0002938749248511828
5052	0.00040913022028755264
5079	0.00022733418305064012
5183	0.00012866528579190092
5184	0.0011469915828833499
5185	0.002300925740249593
5199	0.00024602230211988367
5200	0.00024602230211988367
5327	0.0002611004452413158
343	0.0002611004452413158
5328	0.0008354179918770234
5329	0.0004542771819552739
5330	0.0004542771819552739
5331	0.0004542771819552739
1157	0.0004542771819552739
2982	0.0007065802161489832
3968	0.0007513261549503263
5332	0.0009053424547453269
5438	0.0001917593070987846
5439	0.0009159583162008642
5440	0.0007891172968354644
5658	0.0005580476734402317
5659	0.0007659679052216038
5732	0.00033384445775561794
5733	0.0005085008349951049
5734	0.00047664728803676704
5735	0.00033384445775561794
1524	0.0007543592460002214
1918	0.000686864738148101
1523	0.0005465739028248645
5790	0.0008882048645177827
1520	0.0005465739028248645
1519	0.0005465739028248645
5791	0.0005465739028248645
5792	0.0005465739028248645
1521	0.0005465739028248645
5793	0.0005465739028248645
5794	0.0005465739028248645
5795	0.0005465739028248645
5796	0.0005465739028248645
5797	0.0005465739028248645
5798	0.0005465739028248645
5799	0.0007587107389855916
5800	0.0005465739028248645
1522	0.0005465739028248645
5801	0.0006150540764816456
5802	0.0005465739028248645
5803	0.0005465739028248645
1701	0.0005465739028248645
5804	0.0005465739028248645
5805	0.0005465739028248645
5806	0.0005465739028248645
6026	0.00041655235138754194
6027	0.00041655235138754194
6028	0.0006776865355411412
6029	0.00041655235138754194
6157	0.0002733661300635023
2488	0.000601851499553143
1555	0.00015590106775216294
6425	0.0003119310183212358
6426	0.0006747882828659454
27	0.0003119310183212358
28	0.000924042434851746
6427	0.0023929174996261166
6442	0.0009991225017328006
6443	0.00012718134848201256
6444	0.0010486363612127025
6445	0.00026028583523547504
60	0.00026028583523547504
6529	0.0006535331808906872
6530	0.0006535331808906872
6531	0.0006535331808906872
6532	0.0007431140509895807
6533	0.0006535331808906872
6534	0.0003765752190873485
6535	0.0003765752190873486
6536	0.0003411529242460504
2740	0.00035743016080419944
6773	0.000254718675786199
6774	0.0005193618577757749
6910	0.0003618525412592622
6911	0.0007034430693606214
6912	0.00036185254125926225
6913	0.0003618525412592622
7030	0.0002905805773945868
7031	0.0002905805773945868
7113	0.00031467539243204567
7114	0.00031467539243204567
512	0.0005886621244630309
7323	0.0007941500030912189
7377	0.0005762769778045255
7378	0.00037353390402700755
7379	0.00037353390402700755
7380	0.0006984414837597271
7710	0.0003608019558193951
7711	0.0003608019558193951
7996	0.0008635005887769866
7997	0.00025147942936279703
3530	0.0008174677205175588
8513	0.00035015814516047386
8514	0.0003501581451604738
8515	0.00035015814516047386
7396	0.00027097083860833164
740	0.00040605204778366587
8661	0.0002709708386083317
8877	0.0007261287011888508
7439	0.0017273968154044978
8878	0.00020500102246132806
8879	0.000778310162541679
8970	0.00044140711197488634
8971	0.00022337679652033738
8972	0.0005273393127924088
9021	0.000462424845276735
9022	0.0011989255246480236
9023	0.0002685133660062781
9024	0.0002685133660062781
7296	0.0012871459815098866
9100	0.0005774854036285738
9101	0.0011081226491049365
9102	0.00041177504331773554
9365	0.00024627230820893766
9366	0.00024627230820893766
4823	0.0009626315333653881
9367	0.00034021029210762365
9370	0.00020373311960484962
8381	0.0015152028737735333
9373	0.0004490400528950183
9649	0.00025082387308193694
9650	0.001238391949304534
9651	0.0005312905137714528
9652	0.00025082387308193694
9653	0.0014720229622454534
2433	0.00015971481239448988
9822	0.00039022598146175194
7418	0.0019023203138879472
9897	0.00014774149540708608
9903	0.0003576893590589826
799	0.00035768935905898254
6268	0.0004837185274777955
8789	0.0007096532539680163
9517	0.0003345828807083168
2723	0.00033458288070831687
8179	0.001331534512935666
9913	0.00035384397651758056
2418	0.001194188110950739
9336	0.0003538439765175806
3340	0.0007880589152102951
9272	0.000328687082496708
8082	0.00032868708249670796
9120	0.0003003825085442182
4428	0.0003003825085442182
10015	0.00029881768034338465
9266	0.0004731491830825905
10016	0.0005335530897176137
8750	0.00029881768034338465
10091	0.0004315645598903761
10092	0.0006375071773981931
10093	0.0004315645598903761
10094	0.0004315645598903761
10126	0.00021231196754785975
8937	0.0013318946586776468
10127	0.00021231196754785975
10190	0.00020298191691590524
2296	0.0016140194281526932
10414	0.0004937399507331945
9549	0.0007986382605170366
9348	0.0019931910354445805
10415	0.00026047139452685364
10468	0.00018122291593696848
7420	0.000776260433804849
10496	0.00029956964683558934
10497	0.0002995696468355894
10639	0.00021355954207589244
3983	0.0006202203810142751
10692	0.0005031124157759498
10697	0.0003992423771813071
10698	0.0003992423771813071
10699	0.0003992423771813072
10768	0.00034998590207402814
10776	0.00024296476884006673
10777	0.0008209916291643783
10263	0.0001165918914761789
10774	0.0001378920985226177
10831	0.00024334941224721647
10832	0.00024334941224721644
10837	0.000359426180815462
10838	0.000359426180815462
10839	0.0005667447435623363
10840	0.00035942618081546203
5072	0.0007519788502148914
10346	0.0002190116538809283
10184	0.00103252061123905
10343	0.00022549216858347575
10173	0.0006845527132544235
10914	0.0005309535990709571
10947	0.0002681731081898905
10869	0.0002681731081898905
10948	0.00026817310818989045
10981	0.0003026162516407663
10982	0.0003026162516407663
10983	0.0003026162516407663
11041	0.0001692221975964079
11369	0.0003463921818516268
11370	0.00044079111011729717
11419	0.0002026742389729373
11420	0.0002026742389729373
11786	0.0002885081198370521
11787	0.0002885081198370521
5114	0.0002885081198370521
11903	0.000511369762879482
7798	0.000511369762879482
9980	0.000511369762879482
11904	0.0003454084073142652
11905	0.00034540840731426517
11916	0.0003867401314775065
10124	0.0003867401314775065
11921	0.0003867401314775065
11922	0.0003867401314775065
11973	0.0001917593070987846
10539	0.0002930074323289827
6179	0.0002930074323289827
10295	0.00034655161614264863
10187	0.0003465516161426487
2887	0.0003465516161426487
2894	0.0003465516161426487
12088	0.0003334292735588215
11176	0.0005690181883225313
12089	0.0003334292735588215
12090	0.0003334292735588215
12091	0.0005649340165067757
12166	0.00022451562115091377
12167	0.000421003287869205
12180	0.00023095794052061688
9144	0.0005206090898334391
12195	0.00019066461498886734
9776	0.00146910604721038
12107	0.00030719139871255224
12335	0.0003071913987125522
8333	0.000765463890753807
9618	0.00030546675752602054
12443	0.00030800389818168056
9876	0.0004986566550676093
12444	0.00030800389818168056
3868	0.00030800389818168056
12416	0.00015971481239448988
12467	0.0007515372805860208
1506	0.00026559058570162794
12506	0.00011224778519796443
12505	0.00022549216858347575
12511	0.0001724058078359324
13001	0.0006030785937638573
13002	0.0013286385516284348
13003	0.00015669848241760864
13456	0.0007931853079181195
13457	0.00042412105507268693
13458	0.00042412105507268693
13459	0.00042412105507268693
13632	0.00025719272343043773
3504	0.0010493395634867625
14409	0.00017356988619615204
14410	0.0006031545385206938
14453	0.000725149611162779
14454	0.0005529891659112631
14455	0.0005529891659112631
14456	0.0002890773648196869
14878	0.00014441898358171537
14546	0.0004993185149755351
14547	0.0008320947444294341
14544	0.00024417305488357477
15020	0.0003189688247704066
15021	0.0004307163565819627
15087	0.00014441898358171537
15206	0.00036603815964286556
15207	0.0003660381596428656
16578	0.0004559559820303281
16582	0.0006609893170243232
16583	0.0012807079414775256
16584	0.0009399303137275094
16585	0.0015264548427043744
9299	0.0019379954522401488
9297	0.00048284912255898036
16993	0.0001316924414867188
16081	0.0001316924414867188
16994	0.0005199793140080322
16995	0.00039167860630309824
16996	0.0006559923182288122
16997	0.00038928535533843366
16998	0.0003892853553384336
16999	0.00038928535533843366
16135	0.0003341178180229003
17072	0.0003341178180229003
17073	0.0009464685801341421
17074	0.00033411781802290027
16689	0.00032215176591835967
17194	0.0005349940297503053
16146	0.0018805999244136107
17195	0.00032215176591835967
15735	0.0013900386222613843
15732	0.0001997921845215592
17722	0.0004917640366940391
16347	0.0005011202143751849
706	0.000662910075290652
17723	0.0008306076313852789
16348	0.00028166367767248576
15935	0.00030448112091462136
17733	0.0003044811209146214
17734	0.0010072499048748478
17501	0.00035034211668773805
18069	0.0005223684260607591
18070	0.0008171656874114674
17197	0.001369456774228935
18076	0.0007868241838481986
15684	0.00042083222646614895
18103	0.0004208322264661489
18104	0.0004208322264661489
7707	0.0004208322264661489
18105	0.0008559928692504492
18150	0.0016015749485542982
18151	0.00026421505963666837
18152	0.0002642150596366684
8276	0.0002642150596366684
18153	0.0004595388508386635
18154	0.0011245967958032235
18155	0.0011245967958032235
18177	0.00036507231204085456
18178	0.0005871783686227749
18179	0.00036507231204085456
18180	0.0006268775008688636
18283	0.00036512193140154664
18313	0.00036512193140154664
15828	0.0003651219314015466
16871	0.0008556765302621208
18432	0.00023679332461397167
2184	0.0010714306529079596
18451	0.0005270836887862119
7288	0.0008363695336902143
18452	0.0005270836887862119
12339	0.000527083688786212
17679	0.000691647328452113
18453	0.0003260262252361731
18454	0.0003260262252361731
18588	0.00045596782162909787
18589	0.0014272984324449113
17782	0.0007088744131647453
18594	0.00048608009444940507
16026	0.0003170653865246018
18595	0.0007088744131647453
18931	0.00022678400562370674
12454	0.0009818322126127197
8089	0.00022678400562370674
16706	0.0003394151955678318
17859	0.0003394151955678318
19177	0.0003394151955678318
19453	0.00031027670228081906
19454	0.00031027670228081906
15707	0.0005772039989725349
19515	0.00035377955435324574
19516	0.00035377955435324574
15351	0.0011973509700662218
19517	0.00035377955435324574
19518	0.00035377955435324574
19519	0.000645865999396067
17647	0.00028285605491102793
18474	0.00022838999063662762
19550	0.0003085581562091932
16870	0.00030855815620919327
19603	0.00033740545420510846
19604	0.000942516071250848
20222	0.00025869628844426044
19019	0.00025869628844426044
16500	0.0007187317238313209
21166	0.0002760146823114094
21167	0.0002760146823114094
21181	0.00015090019941631184
15542	0.0009416259524723413
17604	0.00036474648673492265
4844	0.0013615031264479645
17967	0.0003647464867349227
21184	0.0003647464867349227
21185	0.00036474648673492265
21275	0.0005761590788598271
21276	0.00025289477253856885
21277	0.00047004824576634167
18466	0.000772268205418529
21496	0.0006023669364037205
21497	0.00039166346963862995
15924	0.0009357672549322591
16235	0.0006101808052689047
21767	0.0003011323197928714
21768	0.0003011323197928714
21942	0.0002510108996604773
21943	0.0002510108996604774
4041	0.00117854162963
22033	0.0006718157837566746
22034	0.0002742935297755316
15918	0.0002742935297755316
15892	0.0001830672279336422
16671	0.00040301912865124885
17033	0.00040301912865124885
17911	0.00040301912865124885
17382	0.00040301912865124885
16626	0.00040301912865124885
15982	0.00040301912865124885
16742	0.0006665667615020738
22889	0.0002588920665698045
19771	0.0002588920665698045
22890	0.00025889667572012563
20123	0.0002588966757201256
16782	0.00025151274263158526
23065	0.0002515127426315852
21180	0.00037297102039108676
23120	0.0007574477865014931
23121	0.00037297102039108676
23205	0.0008535537791472982
15899	0.000769508081205541
23230	0.00037084701611924694
23231	0.000370847016119247
21572	0.000370847016119247
15831	0.00026408760095144424
15478	0.0002640876009514443
19415	0.00032815094361860267
4843	0.0005107974561924381
23796	0.00032815094361860267
23873	0.00026330535794874863
5870	0.0004173059894026245
389	0.0004173059894026245
5862	0.0007987895269649742
243	0.0004173059894026244
5473	0.0011223366929314347
18366	0.0005030420973966747
24214	0.0005030420973966747
18157	0.0012041325073401464
18368	0.001003452736792371
24215	0.001106917874539684
24220	0.0002572111506659722
24221	0.0002572111506659722
7106	0.0002871145357978341
24222	0.0002871145357978341
24223	0.00028711453579783415
24770	0.00033841704580123665
24831	0.0001518311186901426
17726	0.00037964909145532825
810	0.00037964909145532825
16580	0.00037964909145532825
15723	0.0002994835457387593
25435	0.0002994835457387593
16246	0.0007224664048797063
17900	0.0006801585183590182
21207	0.0001537240292405704
25799	0.0005836362084706676
25801	0.00029734687903159007
19793	0.00029734687903159007
25802	0.00029734687903159
17306	0.00021813344740175144
26101	0.0004420176441944614
16889	0.0004420176441944614
83	0.0004420176441944614
20582	0.0007965413340080426
17155	0.00026758843999184377
16676	0.00036720188049252193
26754	0.0002688060196521926
26755	0.00026880601965219265
26913	0.0007464769357463739
15934	0.00047571590432091344
26914	0.00047571590432091344
15833	0.0004757159043209134
3339	0.00047571590432091344
27008	0.00026029466370122207
27163	0.0004905608589762836
27164	0.0004905608589762836
19127	0.0004905608589762836
27165	0.0004905608589762835
25162	0.0004905608589762835
27166	0.0004905608589762835
27167	0.0004905608589762835
27168	0.0004905608589762835
6603	0.0002117645448215116
27335	0.000701849781801736
27336	0.0002706694828529386
27337	0.00027764160633711275
27338	0.00027764160633711275
25764	0.0001941315084320522
18138	0.00015090019941631184
16455	0.0002175600042737927
27536	0.0001518311186901426
25315	0.00019114282857127568
21774	0.0003624199979113897
16738	0.0008083752520924199
18280	0.0007751410145345548
17877	0.0003624199979113897
17985	0.0003624199979113898
28114	0.0004902291593537301
28115	0.0004902291593537301
28116	0.0003186512833163709
28681	0.00028827826882857897
28682	0.00028827826882857897
22046	0.00028827826882857897
28861	0.0008576096894792352
28862	0.0007920415647531516
28863	0.00041572401282641627
28864	0.0006031916763618883
12899	0.0015609281207095314
28865	0.0009720054371758055
28866	0.0005330658130263068
20993	0.0003698498653408721
29087	0.0003698498653408721
5027	0.0003698498653408721
24894	0.0003698498653408721
29090	0.00031837333918380365
29091	0.00031837333918380365
29092	0.0003183733391838036
29093	0.00043212762440394693
800	0.00014980073104033564
19927	0.0003275501426415064
18885	0.0003275501426415064
29619	0.00047400842433310077
18492	0.0004740084243331008
17497	0.00047400842433310077
16245	0.0004740084243331008
29620	0.00047400842433310077
25442	0.0004740084243331008
19210	0.00022206218813875143
16186	0.00022206218813875143
28741	0.0005399843172800487
29691	0.0004105291508041801
29692	0.0004105291508041801
29693	0.0004105291508041801
29694	0.0004105291508041801
18363	0.0004105291508041801
18362	0.0005399843172800487
29681	0.0010485133392536023
18159	0.0006907070929712596
29844	0.0003045530263932949
29845	0.0003045530263932949
29846	0.0003045530263932949
35481	0.0008136616107730458
14177	0.00046300852881427627
35482	0.00046300852881427627
35483	0.00046300852881427627
35484	0.00046300852881427627
35485	0.000654371044706918
35510	0.0003928386590941247
3417	0.0007185988554674421
3681	0.0003928386590941247
35511	0.0003928386590941247
3420	0.0007422599743236439
35741	0.0003213496251873337
35801	0.0013211032001039659
35745	0.0003213496251873337
35802	0.0007613150611130142
9392	0.0003213496251873337
35683	0.000978394212785366
36035	0.0006673377439846675
36034	0.0005609044293972025
36036	0.00021070405241037406
36204	0.0002494010014424031
35985	0.0005781967686971948
36205	0.0002494010014424031
35599	0.0006913131287506842
35749	0.0005425129576478076
35750	0.0004966304003241981
14051	0.0003888939695361488
35845	0.0006406484351669321
36976	0.0010986000352389337
36977	0.0004426102323401936
36978	0.0004426102323401936
36979	0.0004426102323401936
36980	0.0004426102323401936
36841	0.0014016188881294067
36981	0.00030271847238489937
36982	0.00030271847238489937
36835	0.00030271847238489937
36918	0.00030271847238489937
37206	0.0008828884134261596
37207	0.0004525726123412054
37208	0.00045257261234120545
37209	0.00045257261234120545
37210	0.00032075397563647657
37211	0.00043955197266988755
37058	0.0002987321945831154
37430	0.0002987321945831154
37431	0.0002987321945831154
37690	0.00040807402577961767
37691	0.00040807402577961767
37692	0.00040807402577961767
37693	0.0006526933540306928
37694	0.0004080740257796176
37695	0.00040807402577961767
37696	0.0004080740257796176
37728	0.00030614776444727094
37729	0.00030614776444727094
37730	0.00030614776444727094
33450	0.0007395955344676085
38553	0.0007298947721326677
38172	0.00013961239639000307
39095	0.00040659420192470214
39096	0.0007995448217773929
39097	0.001235189594019933
1660	0.0004662573529636637
39294	0.00042618896659974684
39299	0.00027411567593891136
39301	0.0009405392598616451
39302	0.00027411567593891136
39338	0.00022794005294579073
39303	0.00022794005294579073
39519	0.0005665034278842161
39520	0.000507673571048475
31605	0.00031563000952058144
39521	0.00031563000952058144
7384	0.0023660326538433056
34127	0.00028520476728095335
39940	0.00028520476728095335
39991	0.0017251991416048296
39992	0.0003063242261384296
39993	0.0017251991416048296
39418	0.0004259311995140671
40165	0.0005293232956623115
39276	0.00026527367537179186
13146	0.000828597161881005
5018	0.0007862397938057899
5019	0.00028196620493147324
41297	0.0006992528931024131
41298	0.000535775667390708
41661	0.0002930512266273354
41662	0.000817637615780495
27748	0.00023364631610366246
5475	0.00023364631610366243
42200	0.0003835410700971759
3044	0.00038354107009717583
8277	0.00038354107009717583
42201	0.0003835410700971759
42202	0.00038354107009717583
31656	0.0003222943554809594
31657	0.0003222943554809593
5263	0.0003222943554809593
42436	0.0002930512266273354
42559	0.0001827542031142763
41387	0.0011069317249080247
41388	0.0012719020517936242
42615	0.00048395128154292595
41615	0.0007307219860616158
43001	0.00037592993022440613
14238	0.0015498044232801738
43002	0.00037592993022440613
43003	0.0003759299302244061
41411	0.0003759299302244061
43004	0.0012658830787214564
43154	0.00034801187258258796
43155	0.0005495212282264161
43156	0.0005495212282264161
40468	0.00034801187258258796
43638	0.000308866486138065
41426	0.000308866486138065
10933	0.0003983889829491372
43917	0.00038341533825300656
43918	0.0003834153382530067
43655	0.0003834153382530067
41243	0.00027401879028004985
17989	0.0007306949182061864
1759	0.00027401879028004985
31393	0.0004348870407892728
44477	0.0009732876295633898
44478	0.0005508485762672623
44479	0.000304715438033925
21733	0.0002117648370143946
30078	0.0004737308874305088
45243	0.0003906917425542266
45244	0.0002107110022306211
45347	0.0005173790711718007
45348	0.00031115967089162517
45561	0.00018656596904731047
45562	0.00018656596904731047
7874	0.0005335334451335587
4172	0.0003417905038840863
1799	0.0003417905038840863
41390	0.0003417905038840863
121	0.0003107937352255757
42978	0.0006268729143293283
41385	0.00035999839787952776
46107	0.0003599983978795278
46108	0.00035999839787952776
46940	0.000514599766942244
46941	0.00028011897820311106
29782	0.0004412375401974225
34865	0.0011321111052489986
13416	0.0016719824726811948
32357	0.0006168981210172396
47241	0.0010762403892535994
47478	0.00025607620227185215
32032	0.0009194187085994457
47479	0.0006995925670842649
47480	0.0006995925670842649
46696	0.000699592567084265
47624	0.0005210738016466959
47625	0.00022146713720857587
42782	0.00031662764064698256
34467	0.00025538524571972984
48205	0.0007149371461533568
48206	0.00025538524571972984
33045	0.0007157757685059403
48429	0.0008910645099030152
33046	0.0009441991823569166
48430	0.0008935956275850843
34593	0.000282037683665792
48438	0.0007404940731410796
48439	0.0012531406462768847
48444	0.0013199480717147796
31782	0.00016452242851263996
48374	0.001530798486471207
9129	0.000118845033515645
23503	0.0007074699688370312
30889	0.0007876632970878636
32346	0.0014670805346404013
46809	0.00023533663950138416
30811	0.0007235768006788123
30813	0.0007235768006788123
30812	0.0010126556759242143
5076	0.0015342243313267966
33931	0.00021772094060727666
46710	0.00031661582871544465
2661	0.0006689859873353798
2662	0.0014448088835914267
32073	0.00034060185192714206
30464	0.0007758121857076398
48928	0.00034060185192714206
49431	0.0007996366814820833
33655	0.00034060185192714206
5786	0.00034060185192714206
49539	0.00036164673024661657
49540	0.00036164673024661657
49541	0.0005573640975468483
49618	0.00032057502221398654
49723	0.0003021736078968803
13513	0.0003021736078968803
49724	0.0007177342639105699
49725	0.0005184579668013683
33868	0.0005184579668013683
31224	0.0004306561112998817
49726	0.0005184579668013683
49825	0.0003998028016639412
49826	0.0003998028016639412
49827	0.0007818202508180522
49828	0.0003998028016639413
31648	0.0006289587783050738
50038	0.0007878392902761677
30000	0.0007875688002518493
50064	0.000608375838745312
33050	0.0003366353514332335
23807	0.00026470728474965765
50074	0.00026470728474965765
50197	0.0006312486680074263
50198	0.0003318428635683908
31494	0.0005475029512108068
50199	0.0003318428635683908
49271	0.0010027572147969163
49706	0.0004190347979134199
50214	0.0004190347979134199
50215	0.0004190347979134199
50216	0.0004190347979134199
50217	0.0004190347979134199
13545	0.00029882033800676124
50263	0.0005281498239451822
31460	0.0005281498239451822
8501	0.0005213849069641074
31462	0.0005281498239451822
50116	0.0007350958773379848
4367	0.0005695110413708414
50023	0.0004488666685979409
46446	0.00025723265601533605
50334	0.00016252116031314722
32823	0.0019344422739024012
50336	0.0005788064904124926
50337	0.00018401829872165512
50338	0.0008479156205047172
50308	0.0005788064904124926
50342	0.0001679594728757231
50343	0.0007437004462942262
48834	0.0007437004462942262
50414	0.0004036152665194541
50415	0.0004036152665194541
50416	0.0007434204769790528
50417	0.0004036152665194541
34064	0.000975501865338176
37824	0.00040361526651945404
34384	0.0003100303102525102
49117	0.0003100303102525102
50395	0.0003100303102525102
37647	0.0006680417331437719
30566	0.0008318760181807972
33632	0.001171439316669393
11694	0.0014164762313775997
50548	0.0005443265969385068
12209	0.00042756283281704594
49123	0.0014414242610003808
13567	0.00041306844657009215
2075	0.00018515424000357245
30888	0.0004258215536318123
50651	0.00013151419964911528
50673	0.00017785923887770632
366	0.0007307528778201973
50704	0.000246942911943618
50705	0.00048452256675166424
49558	0.00031404431491698326
41115	0.00031404431491698326
50721	0.0003140443149169832
32824	0.0003387999084572013
50788	0.00033879990845720126
50789	0.0005193621789098466
50790	0.00033879990845720126
50333	0.00016252116031314722
31704	0.0005080554932995836
50791	0.0005962294990741709
50792	0.0005080554932995836
50793	0.0005080554932995836
50741	0.0006770738944225948
50794	0.0005080554932995836
50795	0.0005080554932995837
50796	0.0005080554932995836
50797	0.0005080554932995837
50798	0.0005080554932995836
30561	0.0007507460302129439
50799	0.0005080554932995837
50800	0.0005080554932995836
50801	0.0006715863734202953
50802	0.00022354547055884185
50803	0.00022354547055884185
50804	0.00018502025699073925
50805	0.0002818561044814715
50844	0.0002563224979565381
49607	0.0002563224979565381
50861	0.0005308547436081014
51237	0.000580631678212179
51238	0.000580631678212179
51239	0.00047873071591094513
51240	0.00047873071591094513
39093	0.0006219588011764361
51241	0.0005806316782121791
51340	0.0001403941674120436
51342	0.00013151419964911528
51025	0.00018342094556695492
51450	0.0005373765536800701
51494	0.0004197401335196262
50655	0.0004197401335196263
51578	0.00028977676590270763
51579	0.00028977676590270763
34065	0.0001344608867232288
52042	0.00027911778654269106
52043	0.00027911778654269106
36423	0.00041330753195428267
52314	0.0008315719275077981
52315	0.0018201353756172659
28982	0.0002078946755753314
38908	0.0002078946755753314
14684	0.000807236290504628
53825	0.00039632825756435536
53826	0.0007491924856156895
53666	0.00039632825756435536
53827	0.0003963282575643554
54130	0.0013275133323988112
54131	0.00021479431855976567
54132	0.0006061032727998994
55679	0.00019601494657554803
35558	0.00035675126665140526
36485	0.0005333856646741054
37107	0.0006226742670721094
37134	0.0003445419141658995
36484	0.0006103921918416213
55927	0.000203498148271407
56467	0.0003895139245883981
52631	0.0007112729988607915
52672	0.0007112729988607915
36510	0.0003895139245883981
36495	0.0006648972338095192
37096	0.00020676275247673325
56760	0.00020676275247673325
1468	0.0012149785981430418
31668	0.0003459193344360217
14988	0.000205288931606726
48453	0.0008161366673272536
55488	0.0005423891704698336
57178	0.00030819115256566955
15017	0.00015670606635951134
32701	0.00032255114541488946
43637	0.00032255114541488946
57989	0.00030062032654967535
41568	0.00030062032654967535
58436	0.0007972705303536347
42110	0.00037529991515221985
8137	0.0003752999151522198
15601	0.0008863259304631285
46114	0.0001844691506210061
58600	0.00021287262368975115
30147	0.00032660727017514536
31755	0.0003266072701751453
31276	0.0007891554560887128
33850	0.00027153972229505477
31729	0.0025253297216223944
33452	0.0011812095592771857
58575	0.0002715397222950548
49122	0.0004470428998572467
52	0.0004470428998572467
30545	0.0004470428998572467
25527	0.0004470428998572467
50728	0.0007354640734584331
49102	0.00044704289985724675
34387	0.0004470428998572467
59064	0.0002815860807600636
49056	0.0007420853473257757
59065	0.0002815860807600636
46656	0.000388872230212971
58631	0.000388872230212971
49125	0.0010702636424501286
49611	0.00038887223021297104
59223	0.00038887223021297104
48466	0.0003241175823063123
59243	0.0003241175823063123
58595	0.00023617123564088988
13461	0.00017459622632304956
59442	0.0002186560187452446
59443	0.0005062540579428407
59444	0.0005062540579428407
29289	0.0005062540579428406
59445	0.0005062540579428407
59446	0.0005062540579428406
59447	0.0005062540579428407
31649	0.0002864414511369724
5116	0.0002864414511369724
59707	0.00040784405566664575
24744	0.000787191558958467
13320	0.0003544628281178659
59771	0.0003544628281178659
35145	0.00018498661902204488
59791	0.000536003736931239
31728	0.00040787567091393084
59792	0.00040787567091393084
59793	0.00040787567091393084
59794	0.0007578706995230865
31730	0.0007292827133476337
59795	0.000536003736931239
33108	0.0004078756709139309
58530	0.0005921507443530327
49612	0.0005921507443530327
30488	0.0005921507443530327
59808	0.0006316167586277184
59809	0.00028105649737855535
59872	0.00032043842341796734
48286	0.0003204384234179674
33930	0.0003204384234179674
59885	0.00016215940731097235
59913	0.00026201923972415025
59914	0.00026201923972415025
32801	0.00025607620227185215
30633	0.0008368075481167004
30632	0.00020036356979234732
30634	0.00026508248689035495
60004	0.0009797082999144459
60005	0.000929912760783385
60006	0.0007612251410308999
60007	0.00039255208494228433
60008	0.00039255208494228433
60009	0.00039255208494228433
60010	0.00039255208494228433
59182	0.00035666498789495196
32333	0.0007372215051047919
50993	0.00035666498789495196
59515	0.00035666498789495196
49306	0.000532720886377029
46986	0.00030220949932783007
60190	0.00030220949932783007
59672	0.0002199851661176895
32268	0.00021998516611768953
32863	0.0006354977403443533
32864	0.0013485691842158767
49261	0.0001955777737092968
5369	0.00027299829058960467
5256	0.00027299829058960467
49126	0.00043989352782315466
49137	0.00043989352782315466
60467	0.00043989352782315466
60468	0.0005628428664929221
60607	0.00027716308026075077
33265	0.0002771630802607507
60679	0.0005271111853751094
60680	0.00016052903816035665
33451	0.00025561102629150856
60792	0.0002466910362614352
34230	0.0012239504043124896
12299	0.0002133880123519067
31644	0.0002133880123519067
60969	0.00041094689838618124
50056	0.00041094689838618124
12583	0.00041094689838618124
12962	0.00041094689838618124
61014	0.000457123944582789
61015	0.001328773238144352
61095	0.000204565461805268
55677	0.0008533928599614117
61184	0.00028843822147729974
60374	0.000523815604950424
35644	0.00034656221312923195
61256	0.00034656221312923195
61370	0.00027911778654269106
61371	0.00027911778654269106
61372	0.00042005581999609746
61385	0.0002668167705163246
34896	0.0005769679177950725
30962	0.0005769679177950725
61562	0.0003579086542662552
61563	0.00035790865426625515
61564	0.0003579086542662552
59410	0.0006190627258876378
12392	0.0001643058912046931
61601	0.00025182766109637256
34839	0.00041993455351675723
61602	0.00041993455351675723
61603	0.00041993455351675723
61604	0.0004199345535167571
10905	0.0008644947274247125
48316	0.00022432285502131856
1782	0.00022432285502131853
59497	0.00045152583960439717
49045	0.00026345794033266886
34250	0.00026345794033266897
61692	0.000293002777108681
61693	0.00024312492295055862
61695	0.0002304495057935251
61696	0.00023044950579352512
48373	0.0004157179110606193
61714	0.00031059403000358347
48452	0.0005841502086789895
48431	0.0005587976252058528
13032	0.0004521789861079935
61745	0.0007833551936264915
12861	0.00016452242851263996
4441	0.0003234780403932328
48451	0.0003234780403932328
56392	0.0003234780403932328
56524	0.0003234780403932328
15179	0.0009063013043760211
56781	0.00012202969548242987
6666	0.0002851226657713834
30289	0.0002514062867535784
30971	0.0006222887219422956
62115	0.00043480623682813646
62167	0.0005387954652153464
62168	0.0005414811631370183
62221	0.0008366658142239722
62222	0.00026083366842543433
62223	0.00026083366842543433
62224	0.0002167152730261529
62341	0.00042355083261576206
62342	0.00024015088254120395
622	0.0002942116114463482
62480	0.00017360034446152906
62487	0.00038403221932807087
14135	0.0007817929052941822
62488	0.00038403221932807087
14015	0.00038403221932807087
62566	0.000186077309012058
62611	0.00019407956683981036
7759	0.0008564314562769971
7758	0.00019407956683981036
63132	0.0003117907654932753
1271	0.0005503542542323174
5960	0.0005503542542323174
205	0.00039708110580658374
4316	0.0001917593070987846
3113	0.0004568271846064637
41961	0.0004568271846064637
62000	0.00045682718460646367
62768	0.0004568271846064637
62343	0.00040219341264006775
1713	0.0008372724977321884
52641	0.0003654139823290521
960	0.0003654139823290521
3421	0.0003654139823290521
553	0.0004808070311392951
4768	0.00052859384821428
4766	0.0002918254359465552
63560	0.00052859384821428
8173	0.00020090539127165703
31607	0.00024850877262043105
39619	0.0002736675365871713
39623	0.0005309633920388196
39622	0.0005973256559135679
39548	0.00044106492891466645
69932	0.00021479431855976565
39298	0.0006058097161109648
69943	0.0006122223497890603
69957	0.00024402128283856583
67864	0.0005023692518418718
65939	0.0007492741730678799
64831	0.0007977718205452322
70005	0.0005023692518418718
64835	0.0005023692518418718
70063	0.0001504256392492633
70119	0.0001504256392492633
39964	0.0003029646465205041
39965	0.0003029646465205041
39429	0.0003029646465205041
70192	0.0002267553647574896
64215	0.001721976517127917
39658	0.0008191308564736156
70228	0.0003059540850129382
69343	0.00045903991551136296
61441	0.0003059540850129382
40086	0.0002927496723265278
70267	0.0002927496723265278
54414	0.0002927496723265278
39758	0.00020276146431877113
39952	0.00026872488053771297
69182	0.00018320008941010365
70426	0.00031673887936193147
64304	0.00031673887936193147
70427	0.00031673887936193147
70428	0.00031673887936193147
70433	0.0003828033499482776
55385	0.0007574854208265568
659	0.00024679956393150904
257	0.0002537844198028698
577	0.0005384052361942555
259	0.0011839777527459544
276	0.0007086900550389919
1208	0.0003242883501520491
4995	0.0006073155249778072
279	0.0003242883501520491
9662	0.0002628898823006956
70630	0.0002628898823006956
52234	0.0002908494918292487
70681	0.0002908494918292487
608	0.00031954889030964405
70717	0.0006274578471179916
70718	0.0006274578471179916
70719	0.0004252435411507199
70720	0.0005117059998649365
70899	0.00032081074178807713
2757	0.00046848328147439637
70900	0.0003208107417880771
70951	0.00027540152886056373
70952	0.00027540152886056373
30576	0.0007522923532613895
30577	0.0004616892925900824
50635	0.0002938609377184633
7717	0.00041669056785897127
71000	0.00041669056785897127
3271	0.00041669056785897127
71001	0.0003799646034115499
707	0.0003799646034115499
1465	0.0006206114183317532
71032	0.00029127231790813956
4892	0.0003627679539740098
963	0.0004593963776198067
2205	0.00036276795397400976
71100	0.00034744468336712214
21120	0.00034744468336712214
71101	0.0006521872201019367
21122	0.00034744468336712214
71205	0.000275369258752715
63608	0.0004663954095190393
166	0.000275369258752715
71298	0.00037536627759905564
71299	0.00037536627759905564
71300	0.00037536627759905564
71442	0.0001692221975964079
71456	0.0001471768434156578
70563	0.0005373702412136974
1087	0.0004033167703255584
8397	0.00020366178525661635
71507	0.0005091902199797564
10424	0.00022150096374502074
71563	0.0002512245112944705
71564	0.0002512245112944705
71611	0.00036036285670577265
71677	0.0002554926543337212
1424	0.0002554926543337212
71678	0.0002554926543337213
3517	0.0001744409105952639
2597	0.00030784337418791885
4752	0.00030784337418791885
3444	0.0005466792330950517
4741	0.00028559273436498916
4750	0.00046809694458697123
670	0.0003380841985045884
1080	0.0003380841985045884
278	0.00027148630216950105
1082	0.00027148630216950105
72842	0.00033543614262728655
7268	0.00043848997813060355
2380	0.00043848997813060355
73050	0.00043848997813060355
1381	0.0002561279886365078
73245	0.0002561279886365078
73259	0.0003949262991067421
9894	0.0003949262991067422
9655	0.0002469833853543782
73297	0.0002469833853543783
6446	0.0003080447865246878
2622	0.0003080447865246879
300	0.00041641104927755805
7967	0.00041641104927755805
2618	0.0009002147931705974
4764	0.000416411049277558
15809	0.00041641104927755805
73570	0.00030950214198469925
73652	0.0002139043781156599
73662	0.00025650016090844813
7455	0.00032929494602745716
8888	0.00032929494602745716
2259	0.00024608317444515474
73750	0.00026057294896380276
3658	0.00026057294896380276
73972	0.00021428128172115251
73973	0.00042919736629251756
74048	0.0006553442770412421
74049	0.0004020952695191134
74050	0.0004020952695191134
52299	0.000206083116834627
47559	0.0006502834074179969
31454	0.0007532857019233321
58920	0.00037060850706986816
49628	0.00020911004668083393
74672	0.0002101817808880685
74673	0.0012426612451812405
54620	0.00021018178088806847
74802	0.0007031386555705704
74803	0.00044028947210886455
74804	0.00044028947210886466
74805	0.00044028947210886466
74820	0.0004632640438618839
74821	0.0004632640438618839
74822	0.0004632640438618839
74823	0.0004632640438618839
74824	0.000463264043861884
74825	0.0006388571574495066
33373	0.00025385164126881315
74831	0.00030556552831033715
56658	0.00040470935414605943
75091	0.001307558905651553
33026	0.0005134880267807291
75090	0.00040470935414605943
75092	0.0004047093541460594
17730	0.00040470935414605943
75182	0.00024770074272349995
75183	0.0009257999988890767
55099	0.00024770074272349995
11026	0.000580474059670287
75208	0.0006616274682010115
75209	0.001496209150279783
75210	0.0003356083742481422
75211	0.0003356083742481422
75212	0.0003356083742481423
18166	0.0009104119783533076
75248	0.0003999727857376409
75249	0.0006819661173327327
75259	0.00025664433378699467
30960	0.0005699079621238509
75422	0.0009043185999338466
75423	0.0004631014581846625
75424	0.0005699079621238509
75425	0.0005699079621238509
34246	0.0004505956556396592
75438	0.00045059565563965924
75498	0.0003457479703731905
74810	0.0007473006439198215
75500	0.00034574797037319053
75633	0.00014474485005971571
75634	0.0016536976680917668
75755	0.0002883315194461575
75756	0.0002883315194461575
75757	0.0002883315194461575
444	0.0006369993356652332
49073	0.0010371245567731282
75802	0.00013667039669982157
55006	0.0011656015447145415
75811	0.0005087680298000889
75812	0.0005456629191464995
48688	0.0008722781666324486
75813	0.0006671358588330117
75920	0.0002750009624202102
75443	0.0002750009624202102
48136	0.0005899693406056268
76099	0.00013231713211606138
76267	0.00021939684300477608
60911	0.0007804543416325306
76494	0.00020932081218638448
75484	0.0006357215678040608
37226	0.0009165997556046874
54956	0.00035023419626095404
76495	0.0008137961901066727
76052	0.0005507630281916545
76621	0.0007126142648720776
76826	0.00017791712411170733
47660	0.0011273013464040166
76996	0.0004920223707017115
76883	0.00030851106436069383
74363	0.0006570282081638561
77157	0.00029389332357999156
77158	0.00029389332357999156
77159	0.00029389332357999156
77171	0.00039215366716579533
30853	0.0013456939184916244
77361	0.0002520091479784847
77362	0.0002520091479784847
77445	0.00017385005107886252
77503	0.0004571482096661863
58921	0.0013274886151753455
77504	0.0012154425104986112
74229	0.0014222091657409763
75291	0.000303836293915184
77518	0.000303836293915184
77519	0.0007710275697618103
77520	0.000303836293915184
77577	0.0005307046724546363
77578	0.0005307046724546363
77579	0.0005307046724546363
77580	0.0010796673294846686
77581	0.0005307046724546364
77626	0.0004732401066735762
6000	0.0004732401066735762
77627	0.00047324010667357616
77628	0.0004732401066735762
77629	0.00047324010667357616
77630	0.0004732401066735762
77720	0.0003659497208665143
77723	0.0005796105513147521
36228	0.00030870805099786054
77801	0.0010887430607616371
44711	0.000307379432405221
8273	0.0002831619730855171
7440	0.0005836715481975622
75298	0.0002831619730855171
77029	0.00044469103115167725
77028	0.0008049393478943883
34516	0.0004446910311516772
77031	0.00044469103115167725
78232	0.0004446910311516772
74981	0.00044469103115167725
78469	0.00019239939487467804
78470	0.0005038451806512299
75004	0.000202911227718182
35665	0.000202911227718182
78516	0.0002442050598590054
78818	0.000499742454381586
77648	0.00027242444370840883
73889	0.0002724244437084089
78878	0.000524986685736215
78879	0.0002541552993837125
58922	0.0007075280559921392
78933	0.000387043052100686
78934	0.000387043052100686
78935	0.00038704305210068596
78936	0.00038704305210068596
77517	0.0006522777252139172
77514	0.0002333976500594537
74010	0.000634581420322551
78942	0.00031073170669627004
78980	0.0002741317378702118
78981	0.0002741317378702118
78989	0.00029329378113553036
52873	0.0002932937811355303
2682	0.0007569503805479113
78994	0.00028229156239683044
79077	0.0002865034953526011
79078	0.00028650349535260113
79079	0.0002865034953526011
79278	0.0002167381017742228
75121	0.000370607043357959
52592	0.00022781551169837863
54815	0.000637188191268115
52417	0.0005627275179499894
48687	0.00025253800650421667
48689	0.0002525380065042166
79542	0.0002913439290195254
79543	0.0003592338162989992
74114	0.0002913439290195254
79612	0.0004461460130026782
79613	0.00023055835850539644
75244	0.00023055835850539644
79730	0.0003457479703731905
75616	0.00034574797037319053
79817	0.00014798879050398548
77516	0.00025030786873087626
79944	0.00021598039608179386
80051	0.0004436297289999754
7907	0.0004436297289999754
80052	0.0007082354091104995
80053	0.0004436297289999755
7838	0.0007564961617792209
74923	0.0004436297289999755
75474	0.0004086393226600462
80086	0.0004086393226600462
75473	0.0004086393226600462
76301	0.00040863932266004617
80260	0.00028875550239867797
80261	0.00028875550239867797
80272	0.00037642578278549186
80273	0.00037642578278549186
80274	0.0003764257827854918
74866	0.0001931864750437073
80345	0.0003592338162989992
76283	0.0002913439290195254
58788	0.0002913439290195254
35041	0.0003719535412911064
75969	0.0003719535412911064
80448	0.0003719535412911064
80494	0.00026457938185991687
75483	0.0005873935590450481
80740	0.00023130786496500713
80942	0.0003861444190199533
76057	0.0003861444190199533
77941	0.00038614441901995333
35737	0.0005113822503720123
35570	0.0008551895340236381
35577	0.0005113822503720123
35738	0.0005113822503720123
644	0.0005113822503720123
35670	0.0005113822503720123
81266	0.0005113822503720123
36038	0.0005113822503720123
35782	0.00043471934185847097
81275	0.00043471934185847097
35279	0.00043471934185847097
35862	0.00043471934185847097
81276	0.00043471934185847097
35589	0.00043471934185847097
81368	0.00038364643373637057
52562	0.0003836464337363706
52561	0.00038364643373637057
52453	0.00040707954219976623
52483	0.0004070795421997663
35751	0.0004070795421997663
36573	0.0004070795421997663
36586	0.0002561240741169411
36433	0.0004696451946338064
36627	0.0002561240741169411
81736	0.0008693045339947888
82782	0.0007569678344078389
65988	0.0009958251805835348
83196	0.00040809382331554264
83197	0.00040809382331554264
64463	0.000857430765562626
66835	0.0005827579786657353
63975	0.0004080938233155426
83261	0.0001819575168183917
39445	0.0005186693658270959
66554	0.0004977903023093914
65607	0.0005046284302331119
2836	0.00036309100974793825
748	0.0005000418413699447
15155	0.00036309100974793825
5775	0.0003630910097479382
2090	0.0004468466528890077
83611	0.0004468466528890077
83612	0.0004468466528890077
83679	0.00022717431694416163
69329	0.0006950027451645061
83707	0.0002939143698545263
68879	0.0002939143698545263
83708	0.0002939143698545263
17870	0.00033204376003277225
83811	0.00033204376003277225
66776	0.0003948209339988267
83937	0.0004450347095677958
12145	0.00026575447664933566
58966	0.0002543956520722947
84227	0.00025439565207229474
84272	0.0002507313614373832
84273	0.0002507313614373832
62988	0.00011226966915938809
62355	0.0002936205124178724
1640	0.0002867178839753285
84751	0.0006373925050054764
84809	0.00027071711132124635
32765	0.00025437335353210085
84883	0.00025437335353210085
84899	0.0002692001530582477
72425	0.0002692001530582477
4379	0.0002516059891260381
84924	0.0002516059891260381
61065	0.0006041298540190787
30976	0.0004105912051867392
85010	0.0004105912051867392
85011	0.0004105912051867392
11079	0.000489071322321501
60365	0.000489071322321501
32783	0.00030536166587519605
1448	0.0006276495508327935
31246	0.0002541634941254639
31687	0.0002541634941254639
61980	0.0004107958878477941
31285	0.00041079588784779413
48989	0.00024092340039877456
85790	0.00024092340039877458
85837	0.0006654316658207594
85838	0.0005152198914434869
85839	0.0005152198914434869
85840	0.000908784805561729
85841	0.0005152198914434869
13847	0.00017995827542310427
8135	0.00027786337138645164
48093	0.000283457034847037
32175	0.000283457034847037
7846	0.000283457034847037
33939	0.0004910523123491067
33005	0.00029182543594655523
34955	0.00018828145147307097
11985	0.00025672212367058693
37933	0.00015047845637819997
86229	0.00027299829058960467
86230	0.00027299829058960467
36894	0.00030295241725572205
57136	0.0004389118180130639
57188	0.0006277223685775408
55444	0.00024237345591951643
56550	0.00024237345591951646
36834	0.0002524531984935575
36840	0.00025245319849355745
86768	0.0003369764217401442
86611	0.000338381868895337
53677	0.00015670606635951134
36787	0.00020828703415159543
87343	0.00045762654467743145
87498	0.0005320493569288371
75974	0.0008055480857324443
78660	0.0005320493569288371
75545	0.0006588858546042395
87572	0.0004006246224097584
87573	0.0004006246224097584
87574	0.0004006246224097584
76536	0.0004006246224097584
75095	0.0002806654603024148
74172	0.0002806654603024148
75456	0.0002806654603024148
75097	0.0009624725956367766
87721	0.00022679096799846273
87722	0.00022679096799846273
75871	0.0014055009525541478
52690	0.00023442094816814724
87474	0.0001360363546441278
88259	0.0006711008569720187
88260	0.0006711008569720187
88261	0.0003061681196877991
88432	0.00022114004130917102
79318	0.0005902161558713176
88646	0.0007049589799083198
70168	0.0002706446781761121
79674	0.00027064467817611217
79074	0.0002823750343520076
79811	0.00028237503435200753
80892	0.00023021952841473806
88769	0.00023021952841473809
59662	0.00027237176119816763
6914	0.0002723717611981677
75017	0.0006101455219539271
64833	0.0003550612269977081
89019	0.0003550612269977081
67724	0.0003550612269977081
65950	0.00022546301222909555
40018	0.00022546301222909555
89040	0.00039474633866754466
39261	0.00039474633866754466
40156	0.00039474633866754466
39478	0.0006472919903040506
39263	0.00081285794425172
89042	0.00030333772837506066
39876	0.00029837756895364793
53715	0.00018573721218907715
53716	0.0005022076682683484
89117	0.0003784908942956194
89315	0.0007403918784255609
33016	0.0007403918784255609
89316	0.00042866114999921226
89317	0.00042866114999921226
89318	0.00042866114999921226
89225	0.00042866114999921226
75588	0.000793283945445298
89502	0.0008287645280405241
36779	0.0002877432873423252
89503	0.0002877432873423252
89189	0.0005171947302307429
37027	0.0008167882809108129
89551	0.0003568706858123469
89552	0.0003568706858123469
61275	0.0003568706858123469
89616	0.00014954044626015896
89617	0.0008334845996091631
89215	0.0003813143972648633
89640	0.0006246925276851485
89402	0.0006246925276851484
89220	0.00038131439726486326
80196	0.0003813143972648633
46657	0.0006736964077011765
59713	0.00039499873079113196
89720	0.00039499873079113196
59714	0.0005950211303757168
59709	0.00039499873079113196
89736	0.00046215529096537957
89757	0.0004010474652891389
89758	0.0004010474652891389
89564	0.0007217596022931437
89704	0.0006736764880301358
38661	0.0011598437606479969
89779	0.0005722092773017352
89230	0.0006727656191247356
89879	0.0004537267149054534
89457	0.0004537267149054534
89876	0.0004537267149054534
78030	0.0004537267149054534
89752	0.0003310959463614022
89941	0.0003310959463614022
89505	0.0009392659077046923
89185	0.0005518928649623368
89184	0.0005518928649623368
67262	0.0002877308783112247
90070	0.001140436550483162
36778	0.0008248572345566749
90104	0.0003741513075597113
90105	0.0003741513075597113
90106	0.00037415130755971134
89889	0.0003741513075597113
89187	0.00033464661228875834
89669	0.00033464661228875834
60035	0.0005978930671003784
89387	0.0003346466122887584
90171	0.00031999625264110114
87743	0.0003199962526411011
90191	0.0002681023669083429
64907	0.0002681023669083429
80334	0.00038088052364390016
89659	0.00067349913720271
56894	0.00038088052364390016
90539	0.00032668004274043915
63796	0.0005939031152648979
90540	0.000593903115264898
79780	0.0005788686638298519
54001	0.0004887394713501117
90567	0.0004887394713501117
57009	0.0004887394713501117
14969	0.0004887394713501117
52676	0.0004887394713501117
52677	0.0004887394713501117
90622	0.0006908505037597726
7524	0.00022186146116397534
7528	0.0004562162725248402
54764	0.0004536357290461026
54765	0.0010763085034234034
90906	0.00039022453115247443
89891	0.0008246075005742035
90934	0.00023188382406375699
90950	0.00032549509547921235
90951	0.0003254950954792123
63673	0.00024672323672075944
2333	0.00024672323672075944
91048	0.00011751322748810225
89524	0.0014907939361625683
90639	0.00028507412901933934
76633	0.00028860535523891727
91626	0.0005470961988645564
37516	0.00033445645026478944
50026	0.00033445645026478944
91863	0.00045489217922923305
54790	0.0002874344996572685
53040	0.00045489217922923305
90151	0.00013729976442991516
92410	0.0001841582580508483
89520	0.0009303089709383537
92730	0.00016133817548414335
92744	0.00020493664213777776
49107	0.00011842325830135531
35182	0.00023295046641775514
12846	0.00040019388016306534
34320	0.00040019388016306534
93818	0.00040019388016306534
93868	0.00017619317272673623
93874	0.0004938858570845993
93875	0.0004938858570845993
93876	0.0004938858570845993
33449	0.0004938858570845993
61749	0.0004938858570845993
61750	0.0004938858570845993
93877	0.0004938858570845993
93976	0.00027911778654269106
93977	0.00027911778654269106
89219	0.0006772778611331815
46180	0.0004343330902019197
94200	0.0004343330902019197
75096	0.0004343330902019197
54913	0.0004343330902019197
94337	0.000422135676206688
94338	0.000422135676206688
94339	0.000422135676206688
74772	0.0007039898946745351
74206	0.000362621154429919
78786	0.00036262115442991903
94387	0.000362621154429919
89249	0.0003028525383086078
94667	0.00039606315862489777
94668	0.00039606315862489777
94669	0.000769538152348558
94800	0.00023021952841473806
80863	0.00023021952841473809
94806	0.0004298515134682345
94807	0.0004298515134682345
94808	0.00042985151346823443
94809	0.00042985151346823443
94810	0.00042985151346823443
94811	0.0008929858924042563
94812	0.00037760038936967
94813	0.00037760038936967
73247	0.00037760038936967
31673	0.00037760038936967004
89393	0.00037760038936967004
94840	0.00030674220655682816
94842	0.0003067422065568282
92823	0.00025725413978216956
79845	0.0002572541397821696
80442	0.00045979696600153544
77080	0.00045979696600153544
29209	0.00045979696600153544
76570	0.00045979696600153544
95220	0.00034976983152157294
75585	0.00034976983152157294
95221	0.00034976983152157294
95222	0.00034976983152157294
18206	0.00034976983152157294
80846	0.00031974188535266327
78096	0.00031974188535266327
4198	0.000684458523238693
58699	0.0003383672727143934
95347	0.00033836727271439345
30532	0.0003383672727143934
95348	0.0003383672727143934
95573	0.0006750944229852562
95675	0.0001902473517629187
15834	0.0004527153243535056
17920	0.00045271532435350566
19014	0.0004527153243535056
19013	0.00045271532435350566
9917	0.0002916788727726818
2298	0.0002916788727726818
31392	0.0003052543551256115
32703	0.0006443135461378953
4062	0.0003812057446923911
32039	0.0003812057446923911
1657	0.0003812057446923911
8932	0.00042781125351558727
79759	0.00021984290107800845
33940	0.00030339890263107413
32705	0.00026394725760101354
96720	0.00026394725760101354
96721	0.0002842444418152754
34477	0.0002842444418152754
15844	0.00022020990603590574
96791	0.0003521412048858516
96792	0.0003521412048858516
96793	0.0003521412048858516
96794	0.0003521412048858516
96795	0.0005245523448098913
96796	0.0005245523448098913
96797	0.0005245523448098913
96798	0.0005245523448098914
96799	0.0005245523448098913
96800	0.0005245523448098914
96801	0.0005245523448098913
11000	0.00030122071431946116
96824	0.00030122071431946116
96950	0.0002183221195242383
97243	0.0002851194158011239
80033	0.00022642127723671276
88434	0.0003939436943976956
97415	0.00039394369439769555
50231	0.0003939436943976956
90164	0.0006227662190063099
79105	0.0008845985993634988
99988	0.0008166319590087068
34934	0.0003432184135782585
99989	0.00032513381427559695
100063	0.00025928602553895215
99888	0.0002592860255389522
89894	0.00042700084410025386
100157	0.00042700084410025386
100158	0.00042700084410025386
89523	0.0005346990795509722
100160	0.0002940794074079632
43900	0.00046915077471429423
89538	0.00046915077471429423
100163	0.00046915077471429434
33079	0.00046915077471429423
89477	0.00046915077471429423
90135	0.00046915077471429423
38660	0.0008089625312860624
66628	0.00046915077471429434
100211	0.00025812906144548526
89268	0.0003070133403795291
100257	0.0003070133403795291
89522	0.0003010083418464756
90527	0.00030100834184647557
100483	0.00046269318716380195
91243	0.000347712516227549
36775	0.000347712516227549
76907	0.0003477125162275491
100970	0.00018580940732107416
56376	0.00021198899581404215
62742	0.0005362109288565729
101193	0.0003584376478677807
101194	0.0004148743027549311
101195	0.0007399593139132819
101196	0.00035843764786778077
101197	0.0008811693679951023
52312	0.00030044296336511586
35743	0.0003004429633651158
101322	0.0002978371202944041
101323	0.0002978371202944041
101326	0.0002565240200826283
636	0.0002565240200826283
36617	0.00038740072325002523
54387	0.00038740072325002523
52166	0.0003874007232500252
54941	0.00038740072325002523
56772	0.0003874007232500252
101373	0.00029001782347415654
101374	0.00021528517130092834
81242	0.0005923615458964608
101375	0.00031858293757973334
92264	0.00033205063127148096
101203	0.000332050631271481
101712	0.0003590293593751494
60917	0.0003590293593751494
98274	0.00045315796813109226
101752	0.00045315796813109226
61687	0.00045315796813109226
60170	0.00045315796813109226
98041	0.00045315796813109226
101604	0.0003768194831980332
33195	0.00043947181416603633
88695	0.00038213835482692063
101909	0.00038213835482692063
101910	0.00038213835482692063
101911	0.00038213835482692063
102071	0.00027258775831579484
52678	0.00019230554412853835
73529	0.00012202969548242987
81583	0.00020054202742445616
102796	0.000127154396393391
102811	0.00025432367941130194
25999	0.0006026759208882811
102826	0.0005130872953584755
102827	0.0006027756277734338
7428	0.0005130872953584754
134	0.0005130872953584755
15388	0.0005130872953584754
102828	0.0005130872953584755
102829	0.0005130872953584754
102830	0.0005130872953584754
17466	0.0006027756277734337
102932	0.0004019792840709663
102933	0.0004019792840709663
41337	0.0004019792840709663
102976	0.000362362871091743
102978	0.000362362871091743
2916	0.000362362871091743
22634	0.0005054087313221161
27944	0.0005054087313221161
103024	0.0005054087313221161
27006	0.0005054087313221161
16467	0.0005054087313221161
98179	0.0005054087313221161
58243	0.0005054087313221161
103047	0.0002794290867292509
103048	0.0002794290867292509
103049	0.0002794290867292509
103061	0.0002476197412236761
24626	0.00023848622101959796
29839	0.00023848622101959793
103362	0.00035447699816335807
103363	0.000354476998163358
104291	0.00026857814419569575
81366	0.00011953496412127877
104376	0.00013558637351052377
88944	0.0003829852572461071
104433	0.0003829852572461071
104434	0.0003829852572461071
104435	0.0003829852572461071
104473	0.000390661744824213
104474	0.000390661744824213
56259	0.000390661744824213
98726	0.000292803182238277
104555	0.0005273343415218004
70434	0.0002382018634619772
104604	0.0002382018634619772
104632	0.0004279952233304424
104633	0.0003117145525734981
64214	0.0003117145525734982
104634	0.0003117145525734981
104715	0.00022025463128877155
65987	0.00022025463128877152
104743	0.000292803182238277
68199	0.00020320736799417277
104747	0.00020320736799417277
61497	0.00022134610550887334
4716	0.0001457138147245752
39570	0.0002112315158917259
104797	0.00022652245135836488
54351	0.0004391036140720335
91903	0.0004391036140720335
37500	0.00043910361407203355
87293	0.0004391036140720335
31496	0.00022714638817139686
91973	0.00022714638817139686
30002	0.00028608048207322034
60684	0.0002860804820732203
97650	0.00035086318101386924
30578	0.0005167034384976798
105379	0.0003495565431788951
105481	0.0003495565431788951
30579	0.0003495565431788951
105348	0.00039927463640093117
105628	0.00039927463640093117
105629	0.0003992746364009311
105630	0.0003992746364009311
105631	0.0003992746364009311
30445	0.0002637953964798672
49990	0.0002637953964798672
30444	0.0005265446810691934
61621	0.0004214525747552572
105744	0.0004214525747552572
4197	0.0004214525747552573
95672	0.0005076736994378884
31039	0.00038610079162926616
26236	0.00014345890991533888
106272	0.0003178063082681567
106273	0.0003178063082681567
1467	0.00038613839663308505
98497	0.00038613839663308505
106479	0.00038613839663308505
106675	0.00021636733356016614
8305	0.00040977821070782404
106833	0.00040977821070782404
106834	0.0004097782107078241
106835	0.0004097782107078241
32477	0.0004097782107078241
106905	0.00041720073382034754
106906	0.00041720073382034754
106907	0.00041720073382034754
6605	0.00041720073382034754
106908	0.00041720073382034754
106955	0.0003422502573075936
75512	0.0003422502573075936
32463	0.0003422502573075936
95096	0.00034225025730759363
33027	0.00023739686324181027
5632	0.0005454773117786783
22270	0.00044114638234473796
5467	0.0005454773117786786
89417	0.0004411463823447379
84411	0.00044114638234473796
107044	0.0004411463823447379
85361	0.0004546008932822948
89212	0.0007458004795064855
100315	0.0004546008932822948
89909	0.00045460089328229475
79290	0.0004546008932822948
107287	0.00035206280426209604
107288	0.00035206280426209604
51022	0.00035206280426209615
49707	0.00035089063651356323
89346	0.0003508906365135633
107548	0.00015916563614371324
107549	0.00015916563614371324
7933	0.00034313242515401974
107830	0.00034313242515401974
12439	0.00034313242515401985
35395	0.00020556044700442317
107957	0.0003343270163409963
107958	0.0003343270163409963
107959	0.0003343270163409963
107963	0.00030370863261909337
59200	0.000191607530343833
61560	0.00037023531803413235
98133	0.00037023531803413235
30435	0.00037023531803413235
30759	0.00023591107551946858
